# Cosima universal isotope store
# VN is followed by the volume name in which the isotope was produced
# RP is followed by the isotope ID (1000*Z+A), the excitation in keV, and a value (e.g. the number of produced isotopes, activation in Bq)

TT 0

VN CSILog
RP 2006       0.00   5.47500e-01
RP 2008       0.00   4.02778e-03
RP 3008       0.00   4.04583e-01
RP 3009       0.00   1.52778e-02
RP 4007       0.00   4.79456e-01
RP 4008       0.00   4.08611e-01
RP 4010       0.00   1.41342e-07
RP 4011       0.00   4.44444e-03
RP 4012       0.00   1.38889e-04
RP 5008       0.00   4.02778e-03
RP 5012       0.00   8.56944e-02
RP 5013       0.00   2.77778e-03
RP 5014       0.00   4.16667e-04
RP 6010       0.00   3.90278e-02
RP 6011       0.00   2.64028e-01
RP 6014       0.00   1.22607e-05
RP 6015       0.00   2.91667e-03
RP 6017       0.00   1.38889e-04
RP 7012       0.00   2.77778e-04
RP 7013       0.00   3.44444e-02
RP 7016       0.00   2.84722e-02
RP 7017       0.00   7.08333e-03
RP 7018       0.00   2.50000e-03
RP 7019       0.00   1.38889e-04
RP 8014       0.00   4.16667e-04
RP 8015       0.00   9.44444e-02
RP 8019       0.00   2.61111e-02
RP 8020       0.00   6.38889e-03
RP 8021       0.00   1.66667e-03
RP 8022       0.00   4.16667e-04
RP 8023       0.00   2.77778e-04
RP 9017       0.00   1.79167e-02
RP 9018       0.00   2.82639e-01
RP 9020       0.00   1.23333e-01
RP 9021       0.00   2.63889e-02
RP 9022       0.00   1.43056e-02
RP 9023       0.00   1.94444e-03
RP 9024       0.00   4.16667e-04
RP 9025       0.00   1.38889e-04
RP 10018       0.00   1.38889e-04
RP 10019       0.00   6.94444e-03
RP 10023       0.00   3.95833e-02
RP 10024       0.00   8.88889e-03
RP 10025       0.00   2.50000e-03
RP 10026       0.00   2.77778e-04
RP 11020       0.00   8.33333e-04
RP 11021       0.00   2.30556e-02
RP 11022       0.00   1.04690e-01
RP 11024     472.21   1.11109e-02
RP 11024       0.00   2.06667e-01
RP 11025       0.00   4.56944e-02
RP 11026      82.50   2.67632e-04
RP 11026       0.00   1.27778e-02
RP 11027       0.00   2.77778e-03
RP 11028       0.00   2.77778e-04
RP 12022       0.00   1.38889e-04
RP 12023       0.00   2.25000e-02
RP 12027       0.00   5.63889e-02
RP 12028       0.00   1.37500e-02
RP 12029       0.00   1.94444e-03
RP 12030       0.00   5.55556e-04
RP 12031       0.00   2.77778e-04
RP 13024       0.00   2.77778e-04
RP 13025       0.00   1.23611e-02
RP 13026       0.00   3.54459e-07
RP 13028       0.00   2.35000e-01
RP 13029       0.00   8.05556e-02
RP 13030       0.00   2.23611e-02
RP 13031       0.00   4.58333e-03
RP 13032       0.00   1.38889e-03
RP 14026       0.00   2.77778e-04
RP 14027       0.00   1.40278e-02
RP 14031       0.00   1.09444e-01
RP 14032       0.00   1.56317e-04
RP 14033       0.00   5.97222e-03
RP 14034       0.00   1.52778e-03
RP 14035       0.00   5.55556e-04
RP 14036       0.00   1.38889e-04
RP 15028       0.00   4.16667e-04
RP 15029       0.00   9.30556e-03
RP 15030       0.00   2.63750e-01
RP 15032       0.00   3.97370e-01
RP 15033       0.00   1.59576e-01
RP 15034       0.00   6.50000e-02
RP 15035       0.00   1.41667e-02
RP 15036       0.00   4.16667e-03
RP 15037       0.00   5.55556e-04
RP 16030       0.00   1.38889e-04
RP 16031       0.00   3.88889e-03
RP 16035       0.00   1.53669e-01
RP 16037       0.00   1.59722e-02
RP 16038       0.00   6.25000e-03
RP 16039       0.00   2.08333e-03
RP 16040       0.00   4.16667e-04
RP 17033       0.00   1.66667e-03
RP 17034       0.00   6.98611e-02
RP 17036       0.00   8.58837e-07
RP 17038       0.00   8.73611e-02
RP 17039       0.00   2.58333e-02
RP 17040       0.00   1.09722e-02
RP 17041       0.00   3.05556e-03
RP 17042       0.00   6.94444e-04
RP 17043       0.00   2.77778e-04
RP 17044       0.00   1.38889e-04
RP 18035       0.00   2.63889e-03
RP 18037       0.00   2.12763e-01
RP 18039       0.00   4.92504e-04
RP 18041       0.00   4.30556e-02
RP 18042       0.00   3.59038e-04
RP 18043       0.00   4.72222e-03
RP 18044       0.00   2.63889e-03
RP 18045       0.00   5.55556e-04
RP 18047       0.00   1.38889e-04
RP 19037       0.00   1.11111e-03
RP 19038       0.00   5.62500e-02
RP 19040       0.00   1.80734e-10
RP 19042       0.00   1.27025e-01
RP 19043       0.00   6.58333e-02
RP 19044       0.00   3.13889e-02
RP 19045       0.00   9.58333e-03
RP 19046       0.00   3.33333e-03
RP 19047       0.00   8.33333e-04
RP 19048       0.00   5.55556e-04
RP 20039       0.00   1.80556e-03
RP 20041       0.00   1.15521e-06
RP 20045       0.00   8.37436e-02
RP 20047       0.00   1.83333e-02
RP 20048       0.00   0.00000e+00
RP 20049       0.00   2.77778e-04
RP 20050       0.00   5.55556e-04
RP 20053       0.00   1.38889e-04
RP 21041       0.00   2.77778e-04
RP 21042       0.00   2.19444e-02
RP 21043       0.00   8.94444e-02
RP 21044     146.19   4.96702e-03
RP 21044       0.00   2.88024e-01
RP 21045      12.40   3.42892e-05
RP 21046       0.00   1.96067e-01
RP 21047       0.00   1.26528e-01
RP 21048       0.00   5.84722e-02
RP 21049       0.00   1.86111e-02
RP 21050     256.89   5.51684e-04
RP 21050       0.00   3.88889e-03
RP 21051       0.00   9.72222e-04
RP 21052       0.00   5.55556e-04
RP 21053       0.00   2.77778e-04
RP 21054       0.00   1.38889e-04
RP 22044       0.00   5.24680e-04
RP 22045       0.00   1.41111e-01
RP 22051       0.00   1.41667e-02
RP 22052       0.00   5.27778e-03
RP 22053       0.00   1.25000e-03
RP 22054       0.00   4.16667e-04
RP 22055       0.00   2.77778e-04
RP 22056       0.00   1.38889e-04
RP 22057       0.00   1.38889e-04
RP 22060       0.00   2.76919e-04
RP 22061       0.00   1.39722e-04
RP 23045       0.00   1.38889e-04
RP 23046       0.00   2.91667e-02
RP 23047       0.00   1.41389e-01
RP 23048       0.00   4.17083e-01
RP 23049       0.00   3.04880e-01
RP 23050       0.00   0.00000e+00
RP 23052       0.00   5.66667e-02
RP 23053       0.00   1.84722e-02
RP 23054       0.00   6.52778e-03
RP 23055       0.00   1.11111e-03
RP 23056       0.00   1.11111e-03
RP 23057       0.00   5.55556e-04
RP 23058       0.00   2.77778e-04
RP 23060       0.00   2.76919e-04
RP 23061       0.00   2.78765e-04
RP 23062       0.00   2.77542e-04
RP 24047       0.00   5.55556e-04
RP 24048       0.00   4.68056e-02
RP 24049       0.00   1.81250e-01
RP 24050       0.00   0.00000e+00
RP 24051       0.00   6.68261e-01
RP 24055       0.00   2.33333e-02
RP 24056       0.00   9.86111e-03
RP 24057       0.00   4.02778e-03
RP 24058       0.00   1.94444e-03
RP 24059       0.00   5.55556e-04
RP 24060       0.00   4.16338e-04
RP 24061       0.00   2.78765e-04
RP 24062       0.00   6.94208e-04
RP 24063       0.00   2.79204e-04
RP 24065       0.00   1.38428e-04
RP 25049       0.00   1.38889e-04
RP 25050       0.00   1.40278e-02
RP 25051       0.00   1.06944e-01
RP 25052     377.75   3.41667e-02
RP 25052       0.00   3.68472e-01
RP 25053       0.00   1.32355e-07
RP 25054       0.00   2.55859e-01
RP 25056       0.00   1.09444e-01
RP 25057       0.00   4.62500e-02
RP 25058       0.00   1.59722e-02
RP 25059       0.00   7.50000e-03
RP 25060     271.80   2.46724e-06
RP 25060       0.00   3.33301e-03
RP 25061       0.00   1.52876e-03
RP 25062       0.00   1.11088e-03
RP 25063       0.00   4.18093e-04
RP 25064       0.00   2.77778e-04
RP 25065       0.00   2.77317e-04
RP 25066       0.00   2.80045e-04
RP 25068       0.00   4.16571e-04
RP 25069       0.00   1.38626e-04
RP 26051       0.00   4.16667e-04
RP 26052       0.00   3.40278e-02
RP 26053       0.00   1.17361e-01
RP 26055       0.00   1.78374e-01
RP 26059       0.00   6.89329e-02
RP 26060       0.00   8.45034e-09
RP 26061       0.00   1.00010e-02
RP 26062       0.00   4.30532e-03
RP 26063       0.00   1.94587e-03
RP 26064       0.00   9.72222e-04
RP 26065       0.00   8.32873e-04
RP 26066       0.00   4.18934e-04
RP 26067     387.00   2.79577e-04
RP 26067       0.00   4.18466e-04
RP 26068       0.00   5.55921e-04
RP 26069       0.00   1.38626e-04
RP 26070       0.00   1.38285e-04
RP 27053       0.00   1.38889e-04
RP 27054       0.00   8.61111e-03
RP 27055       0.00   1.37500e-01
RP 27056       0.00   4.05693e-01
RP 27057       0.00   4.94155e-01
RP 27058       0.00   6.17170e-01
RP 27060      58.59   5.55564e-04
RP 27060       0.00   2.92126e-02
RP 27061       0.00   1.25695e-01
RP 27062       0.00   5.68053e-02
RP 27063       0.00   2.09736e-02
RP 27064       0.00   6.38889e-03
RP 27065       0.00   3.05509e-03
RP 27066       0.00   2.22449e-03
RP 27067       0.00   9.07493e-04
RP 27068       0.00   8.33698e-04
RP 27069       0.00   4.16403e-04
RP 27070       0.00   5.54952e-04
RP 27071       0.00   4.16667e-04
RP 27072       0.00   2.75926e-04
RP 27074       0.00   4.18931e-04
RP 28055       0.00   1.38889e-04
RP 28056       0.00   6.38889e-02
RP 28057       0.00   1.85694e-01
RP 28059       0.00   7.92306e-06
RP 28063       0.00   2.22783e-03
RP 28065      63.37   6.20077e-05
RP 28065       0.00   6.62496e-02
RP 28066       0.00   2.79189e-02
RP 28067    1007.20   2.72239e-05
RP 28067       0.00   1.04890e-02
RP 28068    2849.10   8.33698e-04
RP 28068       0.00   3.33370e-03
RP 28069       0.00   1.52751e-03
RP 28070       0.00   1.38829e-03
RP 28071       0.00   9.72222e-04
RP 28072       0.00   6.92592e-04
RP 28073       0.00   6.94444e-04
RP 28074       0.00   6.96709e-04
RP 28075       0.00   2.79791e-04
RP 28076       0.00   1.38889e-04
RP 28077       0.00   2.77203e-04
RP 29058       0.00   1.94444e-03
RP 29059       0.00   1.50000e-02
RP 29060       0.00   9.29167e-02
RP 29061       0.00   3.82222e-01
RP 29062       0.00   7.96388e-01
RP 29064       0.00   6.60972e-01
RP 29066       0.00   2.20558e-01
RP 29067       0.00   8.10996e-02
RP 29068       0.00   3.88893e-02
RP 29069       0.00   1.12497e-02
RP 29070     242.60   1.37345e-03
RP 29070     101.10   1.39068e-03
RP 29070       0.00   5.81808e-03
RP 29071       0.00   2.22222e-03
RP 29072       0.00   1.94259e-03
RP 29073       0.00   9.72222e-04
RP 29074       0.00   1.11338e-03
RP 29075       0.00   5.57569e-04
RP 29077       0.00   4.16664e-04
RP 29078       0.00   1.38285e-04
RP 30059       0.00   1.38889e-04
RP 30060       0.00   7.36111e-03
RP 30061       0.00   1.54167e-02
RP 30062       0.00   1.97083e-01
RP 30063       0.00   3.69861e-01
RP 30065       0.00   7.68126e-01
RP 30067      93.31   6.80460e-01
RP 30069       0.00   1.84305e-01
RP 30070       0.00   2.85801e-20
RP 30071     157.70   4.19391e-04
RP 30071       0.00   2.56952e-02
RP 30072       0.00   1.12481e-02
RP 30073       0.00   2.77778e-03
RP 30074       0.00   2.22449e-03
RP 30075       0.00   1.52979e-03
RP 30076       0.00   6.94444e-04
RP 30077     772.44   1.86500e-04
RP 30077       0.00   6.94219e-04
RP 30078       0.00   2.77174e-04
RP 30079       0.00   2.75303e-04
RP 30081       0.00   2.80675e-04
RP 30082       0.00   1.38889e-04
RP 31062       0.00   5.55556e-04
RP 31063       0.00   6.11111e-03
RP 31064      42.85   1.29644e-03
RP 31064       0.00   2.83333e-02
RP 31065       0.00   1.55000e-01
RP 31066       0.00   4.58472e-01
RP 31067       0.00   9.03448e-01
RP 31068       0.00   1.30118e+00
RP 31070       0.00   4.14444e-01
RP 31072     119.66   4.34105e-04
RP 31072       0.00   7.56928e-02
RP 31073       0.00   2.91667e-02
RP 31074      59.57   1.57709e-03
RP 31074       0.00   1.33337e-02
RP 31075       0.00   4.30757e-03
RP 31076       0.00   1.94444e-03
RP 31077       0.00   1.56352e-03
RP 31078       0.00   8.32729e-04
RP 31079       0.00   5.53081e-04
RP 31080       0.00   2.77778e-04
RP 31081       0.00   5.58453e-04
RP 31082       0.00   2.77778e-04
RP 31083       0.00   1.38639e-04
RP 31084       0.00   5.51658e-04
RP 32064       0.00   5.97222e-03
RP 32065       0.00   8.47222e-03
RP 32066       0.00   1.37083e-01
RP 32067      18.20   2.21142e-03
RP 32067       0.00   2.46389e-01
RP 32068       0.00   4.77066e-01
RP 32069      86.76   1.07703e-02
RP 32069       0.00   9.71945e-01
RP 32071     198.35   2.95401e-02
RP 32071       0.00   1.64861e+00
RP 32073      66.73   1.85471e+00
RP 32075     139.69   2.77819e-05
RP 32075       0.00   5.43075e-02
RP 32077     159.71   1.26552e-03
RP 32077       0.00   7.53111e-03
RP 32078       0.00   4.44384e-03
RP 32079     185.95   2.73252e-05
RP 32079       0.00   2.21990e-03
RP 32080       0.00   9.72222e-04
RP 32081       0.00   8.36230e-04
RP 32082       0.00   6.94444e-04
RP 32083       0.00   4.16417e-04
RP 32084       0.00   5.51658e-04
RP 33066       0.00   4.16667e-04
RP 33067       0.00   4.02778e-03
RP 33068       0.00   2.19445e-02
RP 33069       0.00   1.31528e-01
RP 33070      32.01   1.30417e-01
RP 33070       0.00   3.81251e-01
RP 33071       0.00   7.00139e-01
RP 33072       0.00   1.56889e+00
RP 33073     427.91   1.12647e+00
RP 33073       0.00   1.84574e+00
RP 33074       0.00   5.08194e-01
RP 33075     303.92   1.25091e-01
RP 33076       0.00   1.46389e-01
RP 33077     475.48   2.40105e-03
RP 33077       0.00   7.61493e-02
RP 33078       0.00   2.98605e-02
RP 33079       0.00   1.09439e-02
RP 33080       0.00   5.69444e-03
RP 33081       0.00   1.80845e-03
RP 33082       0.00   1.52778e-03
RP 33083       0.00   8.33084e-04
RP 33084       0.00   1.10721e-03
RP 33085       0.00   1.38889e-04
RP 33086       0.00   2.77778e-04
RP 33087       0.00   2.79544e-04
RP 33088       0.00   2.78362e-04
RP 34068       0.00   4.44444e-03
RP 34069       0.00   7.22222e-03
RP 34070       0.00   1.30139e-01
RP 34071       0.00   2.34028e-01
RP 34072       0.00   7.14652e-01
RP 34073      25.71   8.10846e-02
RP 34073       0.00   1.14747e+00
RP 34075       0.00   1.89424e+00
RP 34077     161.92   5.06606e-02
RP 34079      95.77   1.06111e-02
RP 34079       0.00   2.51476e-07
RP 34081     103.00   7.75654e-05
RP 34081       0.00   1.75027e-02
RP 34083       0.00   3.05531e-03
RP 34084       0.00   2.63499e-03
RP 34085       0.00   4.16667e-04
RP 34086       0.00   9.72222e-04
RP 34087       0.00   9.73989e-04
RP 34088       0.00   4.17251e-04
RP 34089       0.00   1.37969e-04
RP 34091       0.00   4.15533e-04
RP 35070       0.00   2.77778e-04
RP 35071       0.00   2.50000e-03
RP 35072     100.76   2.25571e-04
RP 35072       0.00   1.55569e-02
RP 35073       0.00   8.10848e-02
RP 35074       0.00   3.85556e-01
RP 35075       0.00   1.00514e+00
RP 35076     102.58   7.39745e-03
RP 35076       0.00   1.90056e+00
RP 35077     105.86   1.24379e-01
RP 35077       0.00   2.39111e+00
RP 35078       0.00   7.65972e-01
RP 35079     207.61   8.12309e-16
RP 35080       0.00   2.81806e-01
RP 35082       0.00   5.73611e-02
RP 35083       0.00   2.43053e-02
RP 35084       0.00   7.91277e-03
RP 35085       0.00   3.61111e-03
RP 35086       0.00   2.63889e-03
RP 35087       0.00   1.80732e-03
RP 35088       0.00   1.11170e-03
RP 35089       0.00   4.15747e-04
RP 35090       0.00   2.79503e-04
RP 35091       0.00   4.15533e-04
RP 35092       0.00   5.53159e-04
RP 35093       0.00   1.39661e-04
RP 35094       0.00   1.38886e-04
RP 36072       0.00   3.33333e-03
RP 36073       0.00   6.60763e-03
RP 36074       0.00   1.20972e-01
RP 36075       0.00   3.16667e-01
RP 36076       0.00   8.63889e-01
RP 36077       0.00   1.36847e+00
RP 36079     129.77   2.87684e-01
RP 36079       0.00   2.48653e+00
RP 36081     190.64   2.20602e+00
RP 36081       0.00   9.88217e-06
RP 36083      41.56   2.17606e+00
RP 36085     304.87   3.88421e-03
RP 36085       0.00   2.24824e-03
RP 36087       0.00   5.14066e-03
RP 36088       0.00   3.47281e-03
RP 36089       0.00   6.93525e-04
RP 36090       0.00   5.57281e-04
RP 36091       0.00   5.54422e-04
RP 36092       0.00   6.92048e-04
RP 36093       0.00   2.78443e-04
RP 36094       0.00   1.38886e-04
RP 37075       0.00   6.94444e-04
RP 37076       0.00   1.06944e-02
RP 37077       0.00   6.15278e-02
RP 37078       0.00   2.59167e-01
RP 37079       0.00   7.53888e-01
RP 37080       0.00   1.62194e+00
RP 37081      86.31   1.70390e-03
RP 37081       0.00   2.32882e+00
RP 37082       0.00   3.68363e+00
RP 37083      42.11   1.85649e+00
RP 37083       0.00   3.57448e+00
RP 37084       0.00   6.42213e-01
RP 37086       0.00   1.41250e-01
RP 37087       0.00   6.88469e-13
RP 37088       0.00   1.45839e-02
RP 37089       0.00   5.27686e-03
RP 37090     106.90   7.25369e-05
RP 37090       0.00   3.19569e-03
RP 37091       0.00   1.94331e-03
RP 37092       0.00   1.10871e-03
RP 37093       0.00   4.17332e-04
RP 37094       0.00   2.77775e-04
RP 37095       0.00   1.38531e-04
RP 37096       0.00   2.77778e-04
RP 37097       0.00   2.78911e-04
RP 37100       0.00   1.38058e-04
RP 38076       0.00   1.94444e-03
RP 38077       0.00   7.08333e-03
RP 38078       0.00   9.69444e-02
RP 38079       0.00   2.39306e-01
RP 38080       0.00   7.42500e-01
RP 38081      89.05   1.25885e-02
RP 38081       0.00   1.13206e+00
RP 38082       0.00   2.55738e+00
RP 38083     259.15   1.05432e-02
RP 38083       0.00   2.85484e+00
RP 38085     238.79   2.33266e+00
RP 38085       0.00   4.38386e+00
RP 38087     388.53   5.13511e+00
RP 38089       0.00   6.08408e-02
RP 38090       0.00   6.22925e-04
RP 38091       0.00   9.44331e-03
RP 38092       0.00   4.02538e-03
RP 38093       0.00   2.63955e-03
RP 38094       0.00   1.52778e-03
RP 38095       0.00   1.24964e-03
RP 38096       0.00   6.94444e-04
RP 38097       0.00   5.56688e-04
RP 38098       0.00   4.16667e-04
RP 38099       0.00   2.77713e-04
RP 38100       0.00   1.38058e-04
RP 39078       0.00   1.38889e-04
RP 39079       0.00   1.25000e-03
RP 39080       0.00   8.05556e-03
RP 39081       0.00   4.23781e-02
RP 39082       0.00   1.61528e-01
RP 39083      61.98   1.39366e-01
RP 39083       0.00   5.01798e-01
RP 39084       0.00   1.24444e+00
RP 39085       0.00   2.33153e+00
RP 39086       0.00   4.11256e+00
RP 39087     380.82   3.44076e+00
RP 39087       0.00   5.14464e+00
RP 39088     392.86   4.56298e+00
RP 39088       0.00   4.74010e+00
RP 39089     908.97   5.63036e+00
RP 39090       0.00   1.73254e-01
RP 39091     555.58   5.56139e-03
RP 39091       0.00   8.97691e-02
RP 39092       0.00   3.99976e-02
RP 39093     758.72   8.94144e-04
RP 39093       0.00   1.25004e-02
RP 39094       0.00   7.77778e-03
RP 39095    1087.60   6.50995e-06
RP 39095       0.00   3.61074e-03
RP 39096       0.00   2.36111e-03
RP 39097     667.52   8.36856e-05
RP 39097       0.00   1.39035e-03
RP 39098     496.19   9.10234e-07
RP 39098       0.00   6.94452e-04
RP 39099       0.00   4.16101e-04
RP 39100       0.00   1.38058e-04
RP 40080       0.00   2.22222e-03
RP 40081       0.00   4.73923e-03
RP 40082       0.00   5.62500e-02
RP 40083       0.00   1.46387e-01
RP 40084       0.00   5.82917e-01
RP 40085       0.00   1.02292e+00
RP 40086       0.00   2.27924e+00
RP 40087     335.84   3.84543e-01
RP 40087       0.00   3.44871e+00
RP 40088       0.00   4.56243e+00
RP 40089     587.82   3.55187e-02
RP 40089       0.00   5.67125e+00
RP 40090    2319.00   4.13491e+00
RP 40093       0.00   7.61532e-08
RP 40095       0.00   3.06439e-02
RP 40096       0.00   6.01853e-35
RP 40097       0.00   7.98586e-03
RP 40098       0.00   2.22132e-03
RP 40099       0.00   1.80499e-03
RP 40100       0.00   8.32503e-04
RP 40102       0.00   2.77778e-04
RP 40104       0.00   1.38889e-04
RP 40105       0.00   1.38864e-04
RP 40106       0.00   1.38218e-04
RP 41083       0.00   6.92427e-04
RP 41084       0.00   4.16667e-03
RP 41085       0.00   2.22222e-03
RP 41086       0.00   7.68056e-02
RP 41087       0.00   3.84543e-01
RP 41088       0.00   9.80360e-01
RP 41089       0.00   2.49181e+00
RP 41090     382.01   2.46825e+00
RP 41090     124.67   2.46825e+00
RP 41090     122.37   2.48109e+00
RP 41090       0.00   4.52137e+00
RP 41091     104.60   1.40007e-03
RP 41091       0.00   6.46338e-03
RP 41092       0.00   1.78415e-08
RP 41093      30.77   4.47601e-05
RP 41094       0.00   9.99651e-06
RP 41095     235.69   3.30577e-04
RP 41095       0.00   1.72755e-01
RP 41096       0.00   7.59722e-02
RP 41097     743.35   7.52458e-03
RP 41097       0.00   3.81811e-02
RP 41098       0.00   1.66649e-02
RP 41099     365.27   5.97055e-04
RP 41099       0.00   9.16375e-03
RP 41100       0.00   3.61028e-03
RP 41101       0.00   1.52778e-03
RP 41102       0.00   1.25000e-03
RP 41103       0.00   5.55556e-04
RP 41104       0.00   1.38889e-04
RP 41105       0.00   4.15685e-04
RP 41106       0.00   4.19236e-04
RP 41107       0.00   1.39415e-04
RP 41108       0.00   2.76435e-04
RP 42084       0.00   1.25000e-03
RP 42085       0.00   2.22222e-03
RP 42086       0.00   3.51389e-02
RP 42087       0.00   1.08602e-01
RP 42088       0.00   4.75083e-01
RP 42089       0.00   1.09180e+00
RP 42090       0.00   2.65588e+00
RP 42091     653.01   2.41464e-03
RP 42091       0.00   3.94889e+00
RP 42093       0.00   1.14742e-03
RP 42099      97.78   8.71579e-03
RP 42099       0.00   7.46156e-02
RP 42100       0.00   2.01962e-19
RP 42101       0.00   1.61111e-02
RP 42102       0.00   8.33333e-03
RP 42103       0.00   3.33333e-03
RP 42104       0.00   1.52778e-03
RP 42105       0.00   2.36013e-03
RP 42106       0.00   1.11368e-03
RP 42107       0.00   4.19607e-04
RP 42108       0.00   5.54213e-04
RP 42110       0.00   2.77778e-04
RP 42112       0.00   1.41059e-04
RP 42114       0.00   1.38889e-04
RP 43087       0.00   4.14639e-04
RP 43088       0.00   2.35767e-03
RP 43089       0.00   1.13878e-02
RP 43090       0.00   7.92145e-02
RP 43091       0.00   3.45278e-01
RP 43092       0.00   1.29528e+00
RP 43093     391.84   5.43088e-03
RP 43093       0.00   4.27098e+00
RP 43094      76.00   4.33479e+00
RP 43094       0.00   6.35785e+00
RP 43095      38.91   1.13162e-01
RP 43095       0.00   6.87235e+00
RP 43096       0.00   1.32944e+00
RP 43097      96.57   2.84869e-03
RP 43097       0.00   1.54432e-06
RP 43098       0.00   9.65658e-08
RP 43099     142.68   6.52486e-02
RP 43099       0.00   1.35383e-06
RP 43100       0.00   1.84444e-01
RP 43101     207.53   3.72687e-03
RP 43101       0.00   1.17500e-01
RP 43102       0.00   5.26389e-02
RP 43103       0.00   2.33333e-02
RP 43104       0.00   1.11111e-02
RP 43105       0.00   9.58235e-03
RP 43106       0.00   4.16924e-03
RP 43107       0.00   1.53072e-03
RP 43108       0.00   2.08199e-03
RP 43109       0.00   1.11111e-03
RP 43110       0.00   9.72222e-04
RP 43111       0.00   2.77649e-04
RP 43112       0.00   2.78627e-04
RP 43113       0.00   2.78367e-04
RP 43116       0.00   1.37547e-04
RP 44088       0.00   6.94022e-04
RP 44089       0.00   6.93311e-04
RP 44090       0.00   2.56034e-02
RP 44091       0.00   6.98611e-02
RP 44092       0.00   5.74028e-01
RP 44093       0.00   1.27042e+00
RP 44094       0.00   4.33424e+00
RP 44095       0.00   4.86319e+00
RP 44097       0.00   8.61829e+00
RP 44103       0.00   2.39898e-01
RP 44105       0.00   6.69435e-02
RP 44106       0.00   1.89308e-02
RP 44107       0.00   1.68085e-02
RP 44108       0.00   1.05542e-02
RP 44109       0.00   4.44444e-03
RP 44110       0.00   4.30556e-03
RP 44111       0.00   2.36098e-03
RP 44112       0.00   1.94529e-03
RP 44113       0.00   8.34215e-04
RP 44114       0.00   4.16667e-04
RP 44115       0.00   4.14278e-04
RP 44116       0.00   6.93103e-04
RP 44118       0.00   1.39262e-04
RP 45092       0.00   9.72222e-04
RP 45093       0.00   7.91943e-03
RP 45094       0.00   6.21194e-02
RP 45095       0.00   8.04583e-01
RP 45096      51.98   9.06532e-01
RP 45096       0.00   2.16889e+00
RP 45097     258.76   3.07839e-02
RP 45097       0.00   4.25095e+00
RP 45098       0.00   6.42624e+00
RP 45099       0.00   8.22181e+00
RP 45100       0.00   1.00173e+01
RP 45101     157.32   8.14010e+00
RP 45101       0.00   1.95161e+00
RP 45102       0.00   1.14673e+00
RP 45103      39.75   1.21459e+01
RP 45104       0.00   5.75972e-01
RP 45105     129.78   1.91706e-02
RP 45105       0.00   4.54025e-01
RP 45106       0.00   2.23653e-01
RP 45107     268.36   2.90838e-04
RP 45107       0.00   1.33197e-01
RP 45108       0.00   6.88875e-02
RP 45109       0.00   3.90278e-02
RP 45110       0.00   1.93056e-02
RP 45111       0.00   1.31943e-02
RP 45112       0.00   1.08342e-02
RP 45113       0.00   6.52866e-03
RP 45114       0.00   2.77778e-03
RP 45115       0.00   2.78416e-03
RP 45116       0.00   1.52644e-03
RP 45117       0.00   4.16612e-04
RP 45118       0.00   8.34935e-04
RP 45119       0.00   2.77764e-04
RP 46092       0.00   4.16667e-04
RP 46093       0.00   4.19430e-04
RP 46094       0.00   2.64623e-02
RP 46095       0.00   5.95833e-02
RP 46096       0.00   9.06389e-01
RP 46097       0.00   1.44963e+00
RP 46098       0.00   3.42708e+00
RP 46099       0.00   4.90042e+00
RP 46100       0.00   6.98792e+00
RP 46101       0.00   8.32099e+00
RP 46103       0.00   1.26814e+01
RP 46105     489.14   8.38649e-02
RP 46107       0.00   9.77175e-08
RP 46109       0.00   2.88194e-01
RP 46111       0.00   8.63888e-02
RP 46112       0.00   6.80564e-02
RP 46113       0.00   3.43064e-02
RP 46114       0.00   2.69444e-02
RP 46115      89.21   7.08241e-04
RP 46115       0.00   1.66732e-02
RP 46116       0.00   1.38875e-02
RP 46117       0.00   6.11106e-03
RP 46118       0.00   4.86271e-03
RP 46119       0.00   3.05554e-03
RP 46120       0.00   1.80556e-03
RP 46121       0.00   6.97454e-04
RP 47097       0.00   2.07427e-02
RP 47098       0.00   1.04306e-01
RP 47099       0.00   5.08889e-01
RP 47100       0.00   1.41959e+00
RP 47101     274.10   1.75740e-01
RP 47101       0.00   2.91236e+00
RP 47102       9.40   2.77959e+00
RP 47102       0.00   6.20846e+00
RP 47103     134.45   9.43044e-01
RP 47103       0.00   8.75740e+00
RP 47104       6.90   8.93736e+00
RP 47104       0.00   1.38375e+01
RP 47105      25.48   1.08343e+01
RP 47105       0.00   1.68494e+01
RP 47106       0.00   3.28514e+00
RP 47107      93.12   1.88241e+01
RP 47108       0.00   1.83611e+00
RP 47109      88.03   9.27385e+00
RP 47110       0.00   8.01528e-01
RP 47111      59.82   8.58017e-02
RP 47111       0.00   6.19300e-01
RP 47112       0.00   3.73334e-01
RP 47113      43.50   3.30055e-02
RP 47113       0.00   2.49463e-01
RP 47114       0.00   1.51250e-01
RP 47115       0.00   1.08228e-01
RP 47116       0.00   7.16653e-02
RP 47117       0.00   5.18055e-02
RP 47118     127.63   9.59593e-04
RP 47118       0.00   3.54147e-02
RP 47119       0.00   2.50000e-02
RP 47120       0.00   1.30556e-02
RP 47121       0.00   7.36412e-03
RP 47122       0.00   2.36111e-03
RP 47123       0.00   6.94444e-04
RP 47124       0.00   4.16667e-04
RP 47125       0.00   2.75337e-04
RP 48096       0.00   2.77778e-04
RP 48097       0.00   4.19700e-04
RP 48098       0.00   5.19444e-02
RP 48099       0.00   1.45833e-01
RP 48100       0.00   6.16391e-01
RP 48101       0.00   1.24208e+00
RP 48102       0.00   2.99167e+00
RP 48103       0.00   4.81824e+00
RP 48104       0.00   8.93798e+00
RP 48105       0.00   1.27681e+01
RP 48107       0.00   1.88361e+01
RP 48109     463.50   8.19434e-03
RP 48109      59.49   6.96607e-01
RP 48109       0.00   9.99971e+00
RP 48111     396.21   1.60675e-03
RP 48113     263.54   2.17867e-04
RP 48113       0.00   1.92456e-16
RP 48115       0.00   8.66589e-01
RP 48116       0.00   -1.51461e-18
RP 48117       0.00   3.64583e-01
RP 48118       0.00   3.12284e-01
RP 48119       0.00   1.67639e-01
RP 48120       0.00   1.52639e-01
RP 48121       0.00   7.80586e-02
RP 48122       0.00   5.44444e-02
RP 48123       0.00   2.37500e-02
RP 48124       0.00   4.86111e-03
RP 48125       0.00   1.80311e-03
RP 48126       0.00   6.94638e-04
RP 48127       0.00   1.38801e-04
RP 49100       0.00   4.18518e-04
RP 49101       0.00   6.80030e-03
RP 49102       0.00   2.24999e-02
RP 49103       0.00   1.82125e-01
RP 49104      93.48   2.72067e-01
RP 49104       0.00   5.88393e-01
RP 49105     674.08   1.32399e-01
RP 49105       0.00   1.71975e+00
RP 49106       0.00   4.63945e+00
RP 49107       0.00   8.85875e+00
RP 49108       0.00   1.40637e+01
RP 49109     650.10   2.67238e+00
RP 49109       0.00   1.81473e+01
RP 49110       0.00   2.78867e+01
RP 49111     536.99   8.83270e-02
RP 49111       0.00   3.23811e+01
RP 49112       0.00   8.23042e+00
RP 49113     391.70   3.75197e+01
RP 49114       0.00   5.79097e+00
RP 49115     336.24   8.66434e-01
RP 49115       0.00   8.06559e-15
RP 49116       0.00   3.33194e+00
RP 49117     315.30   3.34370e-01
RP 49117       0.00   2.98683e+00
RP 49118       0.00   2.06832e+00
RP 49119     311.37   1.51110e-01
RP 49119       0.00   1.65223e+00
RP 49120       0.00   1.09042e+00
RP 49121     313.68   5.40082e-02
RP 49121       0.00   1.05317e+00
RP 49122       0.00   7.90417e-01
RP 49123       0.00   6.42500e-01
RP 49124       0.00   4.15556e-01
RP 49125       0.00   2.06920e-02
RP 49126       0.00   9.86130e-03
RP 49127       0.00   3.05547e-03
RP 49128       0.00   1.38889e-03
RP 50100       0.00   2.79000e-04
RP 50101       0.00   2.76227e-04
RP 50102       0.00   1.31943e-02
RP 50103       0.00   5.29585e-02
RP 50104       0.00   2.72078e-01
RP 50105       0.00   6.16098e-01
RP 50106       0.00   1.82792e+00
RP 50107       0.00   3.27945e+00
RP 50108       0.00   6.79645e+00
RP 50109       0.00   9.13423e+00
RP 50110       0.00   1.80857e+01
RP 50111     254.71   1.69833e-01
RP 50111       0.00   2.36505e+01
RP 50113      77.39   2.36208e+00
RP 50113       0.00   3.91841e+01
RP 50117     314.58   1.04791e-02
RP 50119      89.53   6.99197e-02
RP 50121       6.31   1.96284e-03
RP 50121       0.00   8.06581e+00
RP 50123       0.00   4.76592e+00
RP 50125       0.00   5.04333e+00
RP 50126       0.00   3.99720e-07
RP 50127       0.00   6.43055e-02
RP 50128       0.00   4.45833e-02
RP 50129       0.00   1.77778e-02
RP 50130       0.00   4.16667e-04
RP 51107       0.00   3.05653e-03
RP 51108       0.00   8.26587e-03
RP 51109       0.00   1.53121e-01
RP 51110       0.00   5.14165e-01
RP 51111       0.00   2.10750e+00
RP 51112       0.00   5.31495e+00
RP 51113       0.00   1.12960e+01
RP 51114       0.00   1.91453e+01
RP 51115       0.00   3.28612e+01
RP 51116       0.00   4.74517e+01
RP 51117       0.00   5.40254e+01
RP 51118       0.00   7.43848e+01
RP 51119       0.00   9.18827e+01
RP 51120       0.00   3.37557e+01
RP 51122       0.00   2.08607e+01
RP 51124       0.00   1.08814e+01
RP 51125       0.00   3.08434e+00
RP 51126      40.40   2.76932e-07
RP 51126      17.70   3.99700e-07
RP 51126       0.00   1.35444e+00
RP 51127    1920.19   8.60683e-03
RP 51127       0.00   1.17625e+00
RP 51128       0.00   8.80694e-01
RP 51129       0.00   7.98333e-01
RP 51130       0.00   5.09028e-01
RP 51131       0.00   8.33333e-04
RP 52106       0.00   1.38768e-04
RP 52108       0.00   5.85890e-03
RP 52109       0.00   2.10301e-02
RP 52110       0.00   1.84306e-01
RP 52111       0.00   4.89586e-01
RP 52112       0.00   1.76122e+00
RP 52113       0.00   3.17319e+00
RP 52114       0.00   7.14389e+00
RP 52115       0.00   9.89111e+00
RP 52116       0.00   2.04694e+01
RP 52117       0.00   2.38279e+01
RP 52118       0.00   4.14812e+01
RP 52119       0.00   5.72386e+01
RP 52121     293.97   8.96619e-02
RP 52121       0.00   1.09683e+02
RP 52123     247.47   5.59779e-03
RP 52123       0.00   -8.25236e-15
RP 52125     144.78   5.63167e-01
RP 52127      88.23   1.39965e-01
RP 52127       0.00   2.49427e+01
RP 52128       0.00   -6.46235e-18
RP 52129     105.51   1.29642e-01
RP 52129       0.00   6.81965e+00
RP 52130       0.00   -5.04871e-20
RP 52131     182.26   5.71795e-05
RP 52131       0.00   7.22097e+00
RP 52132       0.00   2.91667e-03
RP 52133       0.00   1.38889e-04
RP 53111       0.00   1.10503e-03
RP 53112       0.00   4.83556e-03
RP 53113       0.00   4.61111e-02
RP 53114       0.00   1.88472e-01
RP 53115       0.00   9.66805e-01
RP 53116       0.00   2.58459e+00
RP 53117       0.00   5.70653e+00
RP 53118       0.00   1.07486e+01
RP 53119       0.00   1.86074e+01
RP 53120       0.00   3.56056e+01
RP 53121       0.00   5.94601e+01
RP 53122       0.00   9.40589e+01
RP 53123       0.00   1.44591e+02
RP 53124       0.00   1.41582e+02
RP 53125       0.00   3.01756e+02
RP 53126       0.00   5.32301e+02
RP 53128       0.00   3.32501e+03
RP 53129       0.00   9.32190e-07
RP 53130       0.00   9.81653e+00
RP 53131       0.00   1.68301e+01
RP 53132       0.00   2.66389e-01
RP 53133    1634.15   2.85962e-09
RP 53133       0.00   3.19444e-03
RP 54112       0.00   3.19444e-03
RP 54113       0.00   6.79495e-03
RP 54114       0.00   1.20417e-01
RP 54115       0.00   3.31527e-01
RP 54116       0.00   1.24167e+00
RP 54117       0.00   2.07847e+00
RP 54118       0.00   4.98079e+00
RP 54119       0.00   6.11820e+00
RP 54120       0.00   1.19376e+01
RP 54121       0.00   1.63176e+01
RP 54122       0.00   2.94169e+01
RP 54123     185.18   9.99738e-03
RP 54123       0.00   3.83966e+01
RP 54124       0.00   4.57881e-14
RP 54125       0.00   5.71834e+01
RP 54127     297.10   6.44497e-03
RP 54127       0.00   8.46566e+01
RP 54131     163.93   1.82118e-01
RP 54133     233.22   9.29638e-05
RP 54133       0.00   1.38078e+01
RP 54134       0.00   0.00000e+00
RP 55115       0.00   1.38102e-04
RP 55116       0.00   8.35969e-04
RP 55117       0.00   1.80556e-03
RP 55118       0.00   2.37947e-02
RP 55119       0.00   1.69307e-01
RP 55120       0.00   3.67221e-01
RP 55121       0.00   1.39289e+00
RP 55122       0.00   3.30000e+00
RP 55123       0.00   6.04301e+00
RP 55124     462.63   1.25916e-03
RP 55124       0.00   1.06759e+01
RP 55125       0.00   1.70082e+01
RP 55126       0.00   2.61446e+01
RP 55127       0.00   3.88865e+01
RP 55128       0.00   6.31784e+01
RP 55129       0.00   8.99242e+01
RP 55130       0.00   1.31066e+02
RP 55131       0.00   2.49669e+02
RP 55132       0.00   4.84197e+02
RP 55134       0.00   1.49002e+03
RP 55135       0.00   1.92536e-09
RP 56116       0.00   8.35969e-04
RP 56117       0.00   1.80556e-03
RP 56118       0.00   2.07220e-02
RP 56119       0.00   5.81904e-02
RP 56120       0.00   2.25972e-01
RP 56121       0.00   4.52473e-01
RP 56122       0.00   1.15028e+00
RP 56123       0.00   1.58315e+00
RP 56124       0.00   2.96563e+00
RP 56125       0.00   3.32142e+00
RP 56126       0.00   5.12222e+00
RP 56127       0.00   5.27278e+00
RP 56128       0.00   8.21417e+00
RP 56129       8.42   3.61403e-03
RP 56129       0.00   9.73958e+00
RP 56131       0.00   1.38807e+01
RP 56132       0.00   -1.00974e-19
RP 56133       0.00   3.98816e-01
RP 57121       0.00   1.38312e-04
RP 57122       0.00   1.39072e-04
RP 57123       0.00   5.55995e-04
RP 57124       0.00   9.72222e-04
RP 57125       0.00   6.42245e-03
RP 57127       0.00   2.22220e-02
RP 57128       0.00   2.52778e-02
RP 57129       0.00   3.70833e-02
RP 57130       0.00   3.47222e-02
RP 57131       0.00   2.27778e-02
RP 57132       0.00   1.94444e-02
RP 57133       0.00   1.94444e-02
RP 57134       0.00   1.48611e-02
RP 57135       0.00   2.01389e-02
RP 57136       0.00   1.16667e-02
RP 57137       0.00   8.02227e-09
RP 58125       0.00   1.38915e-04
RP 58127       0.00   1.38711e-04
RP 58128       0.00   2.77778e-04
RP 58129       0.00   1.38889e-04
RP 58130       0.00   2.77778e-04
RP 58132       0.00   1.38889e-04
RP 58133       0.00   1.38889e-04
RP 58134       0.00   4.16667e-04
RP 58135       0.00   1.38889e-04
VN PassiveFrame_BigBlock_1
RP 2006       0.00   5.32125e+00
RP 2008       0.00   7.88889e-02
RP 3008       0.00   7.73875e+00
RP 3009       0.00   1.19000e+00
RP 3011       0.00   4.44444e-03
RP 4007       0.00   2.28305e+01
RP 4008       0.00   8.33264e+00
RP 4010       0.00   5.52348e-06
RP 4011       0.00   5.73611e-02
RP 4012       0.00   8.05556e-02
RP 4014       0.00   2.77778e-04
RP 5008       0.00   3.95694e-01
RP 5009       0.00   1.98194e-01
RP 5012       0.00   6.40500e+00
RP 5013       0.00   4.72639e-01
RP 5014       0.00   1.51530e-01
RP 5015       0.00   4.16667e-04
RP 6009       0.00   1.98194e-01
RP 6010       0.00   5.26764e+00
RP 6011       0.00   5.14422e+01
RP 6014       0.00   7.34884e-04
RP 6015       0.00   3.12083e-01
RP 6016       0.00   4.30556e-03
RP 6017       0.00   1.38889e-04
RP 7012       0.00   3.70972e-01
RP 7013       0.00   3.38056e+00
RP 7016     120.42   3.15318e-03
RP 7016       0.00   2.26708e+00
RP 7017       0.00   3.87500e-02
RP 7018       0.00   8.19444e-03
RP 8013       0.00   1.41667e-01
RP 8014       0.00   1.28097e+00
RP 8015       0.00   1.87299e+01
RP 8019       0.00   4.02778e-03
RP 9017       0.00   1.99167e-01
RP 9018       0.00   2.19445e-02
RP 9020       0.00   6.94444e-04
RP 10018       0.00   2.22222e-03
RP 10019       0.00   8.33333e-04
RP 10023       0.00   1.38889e-04
RP 10024       0.00   1.38889e-04
RP 11021       0.00   1.38889e-04
RP 11022       0.00   6.16971e-04
RP 11024     472.21   1.38886e-04
RP 11024       0.00   5.55556e-04
RP 11025       0.00   1.38889e-04
RP 11026       0.00   2.77778e-04
RP 12023       0.00   2.77778e-04
RP 12027       0.00   1.38889e-04
RP 13025       0.00   6.94444e-04
RP 13026       0.00   3.62515e-09
RP 13028       0.00   3.19444e-03
RP 13029       0.00   1.38889e-04
RP 14026       0.00   1.38889e-04
RP 14027       0.00   1.25000e-03
RP 15030       0.00   1.38890e-04
RP 16030       0.00   1.38889e-04
RP 41093      30.77   4.48846e-10
RP 42093       0.00   2.40649e-08
RP 55132       0.00   1.38889e-04
RP 56132       0.00   0.00000e+00
VN PassiveFrame_Part_X
RP 2006       0.00   1.26806e-01
RP 2008       0.00   1.94444e-03
RP 3008       0.00   1.93194e-01
RP 3009       0.00   2.90278e-02
RP 4007       0.00   5.28476e-01
RP 4008       0.00   2.08056e-01
RP 4010       0.00   1.32735e-07
RP 4011       0.00   9.72222e-04
RP 4012       0.00   2.22222e-03
RP 5008       0.00   9.02778e-03
RP 5009       0.00   5.83331e-03
RP 5012       0.00   1.78333e-01
RP 5013       0.00   9.72222e-03
RP 5014       0.00   2.50000e-03
RP 6009       0.00   5.83333e-03
RP 6010       0.00   1.14861e-01
RP 6011       0.00   1.18472e+00
RP 6014       0.00   1.78676e-05
RP 6015       0.00   7.63889e-03
RP 6016       0.00   1.38889e-04
RP 7012       0.00   8.19444e-03
RP 7013       0.00   7.83333e-02
RP 7016     120.42   1.01715e-04
RP 7016       0.00   6.48611e-02
RP 7017       0.00   1.38889e-03
RP 7018       0.00   2.77778e-04
RP 8013       0.00   2.77778e-03
RP 8014       0.00   2.84722e-02
RP 8015       0.00   4.40694e-01
RP 8019       0.00   4.16667e-04
RP 9017       0.00   4.44444e-03
RP 9018       0.00   6.94444e-04
RP 9020       0.00   1.38889e-04
RP 9022       0.00   1.38889e-04
RP 10019       0.00   1.38889e-04
RP 11021       0.00   2.77778e-04
RP 11022       0.00   1.62361e-04
RP 11024       0.00   5.55556e-04
RP 11025       0.00   1.38889e-04
RP 12027       0.00   1.38889e-04
RP 13025       0.00   1.38889e-04
RP 13026       0.00   1.74544e-09
RP 13028       0.00   9.72222e-04
RP 14027       0.00   6.94444e-04
VN PassiveFrame_Part_Y
RP 2006       0.00   1.21806e-01
RP 2008       0.00   2.36111e-03
RP 3008       0.00   1.87361e-01
RP 3009       0.00   2.55556e-02
RP 3011       0.00   1.38889e-04
RP 4007       0.00   5.24483e-01
RP 4008       0.00   2.02500e-01
RP 4010       0.00   1.33691e-07
RP 4011       0.00   1.52778e-03
RP 4012       0.00   1.94444e-03
RP 5008       0.00   1.09722e-02
RP 5009       0.00   4.16665e-03
RP 5012       0.00   1.74028e-01
RP 5013       0.00   8.75000e-03
RP 5014       0.00   2.77778e-03
RP 6009       0.00   4.16667e-03
RP 6010       0.00   1.24306e-01
RP 6011       0.00   1.18944e+00
RP 6014       0.00   1.77662e-05
RP 6015       0.00   7.50000e-03
RP 6016       0.00   1.38889e-04
RP 7012       0.00   9.16667e-03
RP 7013       0.00   8.25000e-02
RP 7016     120.42   1.01715e-04
RP 7016       0.00   6.93056e-02
RP 7017       0.00   5.55556e-04
RP 7018       0.00   2.77778e-04
RP 8013       0.00   3.75000e-03
RP 8014       0.00   2.80556e-02
RP 8015       0.00   4.19583e-01
RP 9017       0.00   4.30556e-03
RP 9018       0.00   6.94444e-04
RP 9020       0.00   2.77778e-04
RP 10019       0.00   1.38889e-04
RP 10024       0.00   1.38889e-04
RP 11021       0.00   2.77778e-04
RP 11022       0.00   1.29889e-04
RP 11024     472.21   1.38886e-04
RP 11024       0.00   4.16667e-04
RP 11025       0.00   2.77778e-04
RP 13024       0.00   1.38889e-04
RP 13025       0.00   4.16667e-04
RP 13026       0.00   2.14823e-09
RP 13028       0.00   1.25000e-03
RP 14026       0.00   2.77778e-04
RP 14027       0.00   4.16667e-04
RP 15028       0.00   1.38889e-04
RP 16028       0.00   1.38889e-04
VN PassiveTray_Block
RP 2006       0.00   6.77833e+00
RP 2008       0.00   1.22500e-01
RP 3008       0.00   1.06824e+01
RP 3009       0.00   1.70736e+00
RP 3011       0.00   8.33333e-03
RP 4007       0.00   2.31541e+01
RP 4008       0.00   1.14503e+01
RP 4010       0.00   7.44966e-06
RP 4011       0.00   8.26389e-02
RP 4012       0.00   1.25139e-01
RP 4014       0.00   2.77778e-04
RP 5008       0.00   5.01806e-01
RP 5009       0.00   2.66110e-01
RP 5012       0.00   1.11654e+01
RP 5013       0.00   6.49861e-01
RP 5014       0.00   2.21530e-01
RP 5015       0.00   1.25000e-03
RP 6009       0.00   2.66111e-01
RP 6010       0.00   5.66097e+00
RP 6011       0.00   6.26511e+01
RP 6014       0.00   1.00479e-03
RP 6015       0.00   4.16250e-01
RP 6016       0.00   7.22222e-03
RP 6017       0.00   4.16667e-04
RP 7012       0.00   4.50139e-01
RP 7013       0.00   3.72597e+00
RP 7016     120.42   5.28921e-03
RP 7016       0.00   4.74722e+00
RP 7017       0.00   7.30556e-02
RP 7018       0.00   1.37500e-02
RP 8013       0.00   1.92639e-01
RP 8014       0.00   1.43736e+00
RP 8015       0.00   2.36681e+01
RP 8019       0.00   3.05556e-03
RP 8021       0.00   1.38889e-04
RP 8022       0.00   1.38889e-04
RP 9017       0.00   1.55972e-01
RP 9018       0.00   1.19444e-02
RP 9020       0.00   6.94444e-04
RP 9021       0.00   1.38889e-04
RP 9022       0.00   1.38889e-04
RP 9024       0.00   1.38889e-04
RP 10018       0.00   4.16667e-04
RP 10019       0.00   5.55556e-04
RP 10023       0.00   1.38889e-04
RP 10024       0.00   2.77778e-04
RP 11021       0.00   1.38889e-04
RP 11022       0.00   2.59777e-04
RP 11024     472.21   2.77771e-04
RP 11024       0.00   1.11111e-03
RP 11025       0.00   1.38889e-04
RP 12027       0.00   5.55556e-04
RP 13025       0.00   2.77778e-04
RP 13026       0.00   2.68529e-09
RP 13029       0.00   1.38889e-04
RP 15032       0.00   1.38889e-04
RP 17036       0.00   6.39016e-10
RP 19040       0.00   7.71377e-14
RP 21044     146.19   1.61290e-06
RP 21044       0.00   1.61832e-06
RP 21046       0.00   1.32121e-04
RP 22044       0.00   1.61938e-06
RP 23049       0.00   7.43931e-05
RP 24049       0.00   1.38889e-04
RP 24051       0.00   2.77748e-04
RP 27057       0.00   8.38797e-05
RP 27060       0.00   1.71134e-05
RP 28057       0.00   1.38889e-04
RP 29062       0.00   2.77778e-04
RP 29064       0.00   1.38889e-04
RP 29067       0.00   1.38889e-04
RP 30065       0.00   1.79386e-04
RP 30067      93.31   1.42987e-04
RP 31067       0.00   1.38890e-04
RP 31068       0.00   1.38889e-04
RP 32067       0.00   1.38889e-04
RP 32073      66.73   1.30435e-04
RP 33072       0.00   1.38889e-04
RP 33073     427.91   1.36229e-04
RP 33073       0.00   1.32932e-04
RP 34073       0.00   1.38889e-04
RP 34077     161.92   2.82021e-06
RP 35076       0.00   1.38889e-04
RP 35077     105.86   1.26094e-05
RP 35077       0.00   1.38889e-04
RP 35078       0.00   4.16667e-04
RP 35079     207.61   4.88756e-20
RP 36077       0.00   1.38889e-04
RP 36079       0.00   1.38889e-04
RP 36081     190.64   1.32119e-04
RP 36081       0.00   8.40446e-10
RP 37080       0.00   1.38889e-04
RP 37081       0.00   1.38889e-04
RP 37082       0.00   1.38889e-04
RP 38085     238.79   4.16671e-04
RP 38085       0.00   1.08869e-03
RP 38087     388.53   1.38890e-04
RP 39085       0.00   4.16667e-04
RP 39086       0.00   2.77777e-04
RP 39087       0.00   1.38889e-04
RP 39088     392.86   1.32215e-04
RP 39088       0.00   1.03504e-04
RP 39089     908.97   6.89698e-04
RP 39090       0.00   1.38889e-04
RP 40085       0.00   2.77778e-04
RP 40086       0.00   2.77778e-04
RP 40088       0.00   1.32216e-04
RP 40089     587.82   3.95949e-06
RP 40089       0.00   6.94445e-04
RP 40090    2319.00   4.95497e-04
RP 41089       0.00   2.77778e-04
RP 41090     382.01   2.58130e-04
RP 41090     124.67   2.58130e-04
RP 41090     122.37   2.59474e-04
RP 41090       0.00   5.37251e-04
RP 41091       0.00   1.41498e-07
RP 41093      30.77   3.14031e-09
RP 41096       0.00   1.38889e-04
RP 42089       0.00   1.38889e-04
RP 42090       0.00   2.77778e-04
RP 42093       0.00   1.68410e-07
RP 43092       0.00   1.38890e-04
RP 43093       0.00   5.55556e-04
RP 43094      76.00   1.38642e-04
RP 43094       0.00   2.77531e-04
RP 43095      38.91   9.69563e-06
RP 43095       0.00   6.94289e-04
RP 43096       0.00   1.38889e-04
RP 43097      96.57   9.21688e-08
RP 43097       0.00   9.09470e-11
RP 44092       0.00   1.38889e-04
RP 44094       0.00   1.38642e-04
RP 44095       0.00   4.16667e-04
RP 44097       0.00   2.77777e-04
RP 44103       0.00   1.38669e-04
RP 45097       0.00   1.38889e-04
RP 45098       0.00   2.77777e-04
RP 45099       0.00   2.77778e-04
RP 45100       0.00   1.38888e-04
RP 45101     157.32   5.53379e-04
RP 45101       0.00   1.29806e-04
RP 45103      39.75   7.86965e-04
RP 46098       0.00   1.38889e-04
RP 46099       0.00   1.38889e-04
RP 46100       0.00   1.38889e-04
RP 46101       0.00   5.55556e-04
RP 46103       0.00   6.72581e-04
RP 46105     489.14   3.87742e-06
RP 47101       0.00   2.77778e-04
RP 47102       9.40   2.58075e-04
RP 47102       0.00   2.77778e-04
RP 47103     134.45   2.71843e-05
RP 47103       0.00   4.16667e-04
RP 47104       6.90   1.38888e-04
RP 47104       0.00   2.77777e-04
RP 47105      25.48   4.35215e-04
RP 47105       0.00   7.80114e-04
RP 47107      93.12   4.16401e-04
RP 47109      88.03   3.29643e-05
RP 47111       0.00   1.38889e-04
RP 48102       0.00   2.77778e-04
RP 48103       0.00   1.38889e-04
RP 48104       0.00   1.38889e-04
RP 48105       0.00   5.31988e-04
RP 48107       0.00   4.16667e-04
RP 48109     463.50   5.56586e-08
RP 48109      59.49   4.73057e-06
RP 48109       0.00   4.59832e-05
RP 48111     396.21   3.35649e-08
RP 49105     674.08   2.98468e-05
RP 49105       0.00   1.38717e-04
RP 49106       0.00   1.38889e-04
RP 49107       0.00   4.16667e-04
RP 49108       0.00   5.55556e-04
RP 49109     650.10   4.06372e-05
RP 49109       0.00   1.39014e-04
RP 49110       0.00   9.72222e-04
RP 49111     536.99   2.57179e-06
RP 49111       0.00   6.84110e-04
RP 49112       0.00   1.38889e-04
RP 49113     391.70   8.43961e-04
RP 49114       0.00   1.38889e-04
RP 49119       0.00   1.38889e-04
RP 50105       0.00   1.38889e-04
RP 50106       0.00   1.38889e-04
RP 50107       0.00   1.38889e-04
RP 50109       0.00   1.38889e-04
RP 50110       0.00   8.33333e-04
RP 50111     254.71   1.11977e-05
RP 50111       0.00   6.94444e-04
RP 50113      77.39   2.90428e-05
RP 50113       0.00   8.64465e-04
RP 50117     314.58   4.13911e-10
RP 50119      89.53   5.93108e-06
RP 51111       0.00   1.38889e-04
RP 51112       0.00   1.38889e-04
RP 51113       0.00   1.38889e-04
RP 51114       0.00   6.94446e-04
RP 51115       0.00   4.16669e-04
RP 51116       0.00   8.33334e-04
RP 51117       0.00   2.77778e-04
RP 51118       0.00   5.55558e-04
RP 51119       0.00   1.52777e-03
RP 51122       0.00   2.77778e-04
RP 51125       0.00   6.17176e-05
RP 52113       0.00   1.38889e-04
RP 52114       0.00   2.77778e-04
RP 52115       0.00   2.77778e-04
RP 52116       0.00   2.77777e-04
RP 52118       0.00   4.16666e-04
RP 52119       0.00   6.94445e-04
RP 52121     293.97   4.18840e-07
RP 52121       0.00   1.11098e-03
RP 52123     247.47   2.15095e-08
RP 52123       0.00   9.13919e-24
RP 52125     144.78   1.13127e-05
RP 52128       0.00   0.00000e+00
RP 52131       0.00   1.38889e-04
RP 53116       0.00   1.38889e-04
RP 53118       0.00   2.77778e-04
RP 53119       0.00   2.77778e-04
RP 53120       0.00   4.16667e-04
RP 53121       0.00   2.77778e-04
RP 53122       0.00   5.55556e-04
RP 53123       0.00   5.55556e-04
RP 53125       0.00   6.84630e-04
RP 53126       0.00   1.38889e-04
RP 53128       0.00   1.38889e-04
RP 53129       0.00   6.13171e-12
RP 53131       0.00   1.38889e-04
RP 54116       0.00   1.38889e-04
RP 54118       0.00   1.38889e-04
RP 54121       0.00   2.77778e-04
RP 54125       0.00   1.38889e-04
RP 54131     163.93   1.50292e-06
RP 55128       0.00   1.38889e-04
RP 55129       0.00   2.77778e-04
RP 55130       0.00   1.38889e-04
RP 55131       0.00   1.38888e-04
RP 56131       0.00   1.38889e-04
VN SCBody
RP 2006       0.00   1.26746e+01
RP 2008       0.00   7.00000e-02
RP 3008       0.00   1.76303e+01
RP 3009       0.00   6.12222e-01
RP 3011       0.00   5.55556e-04
RP 4007       0.00   4.19623e+01
RP 4008       0.00   1.77656e+01
RP 4010       0.00   1.36002e-05
RP 4011       0.00   3.48333e-01
RP 4012       0.00   1.44583e-01
RP 4014       0.00   3.61111e-03
RP 5008       0.00   1.24167e-01
RP 5009       0.00   1.11111e-02
RP 5012       0.00   1.44025e+01
RP 5013       0.00   9.88472e-01
RP 5014       0.00   1.67662e-01
RP 5015       0.00   9.97222e-02
RP 5017       0.00   1.11111e-02
RP 6009       0.00   1.11111e-02
RP 6010       0.00   8.60972e+00
RP 6011       0.00   6.94807e+01
RP 6014       0.00   1.05460e-02
RP 6015       0.00   1.37917e+00
RP 6016       0.00   1.41486e+00
RP 6017       0.00   2.27046e-01
RP 6018       0.00   2.75278e-01
RP 6020       0.00   5.33333e-02
RP 6022       0.00   1.38889e-04
RP 7012       0.00   1.39028e-01
RP 7013       0.00   2.70894e+01
RP 7016     120.42   1.03756e+00
RP 7016       0.00   3.06199e+01
RP 7017       0.00   9.25538e+00
RP 7018       0.00   3.29861e+00
RP 7019       0.00   1.48542e+00
RP 7020       0.00   5.26667e-01
RP 7021       0.00   3.74861e-01
RP 7022       0.00   4.41667e-02
RP 7023       0.00   1.80556e-03
RP 8013       0.00   2.94444e-02
RP 8014       0.00   3.96958e+00
RP 8015       0.00   1.04158e+02
RP 8019       0.00   3.86301e+01
RP 8020       0.00   2.35900e+01
RP 8021       0.00   6.75222e+00
RP 8022       0.00   3.83472e+00
RP 8023       0.00   7.21944e-01
RP 8024       0.00   1.54167e-02
RP 9017       0.00   3.07156e+01
RP 9018       0.00   5.02089e+02
RP 9020       0.00   2.14637e+02
RP 9021       0.00   7.53817e+01
RP 9022       0.00   4.12482e+01
RP 9023       0.00   2.55565e+01
RP 9024       0.00   1.04408e+01
RP 9025       0.00   2.55556e-02
RP 10017       0.00   2.01806e-01
RP 10018       0.00   6.65944e+00
RP 10019       0.00   3.82793e+01
RP 10023       0.00   2.30706e+02
RP 10024       0.00   1.72513e+02
RP 10025       0.00   6.02626e+01
RP 10026       0.00   3.86111e-02
RP 11020       0.00   7.21722e+00
RP 11021       0.00   8.62164e+01
RP 11022       0.00   2.96179e+02
RP 11024     472.21   1.73615e+02
RP 11024       0.00   1.78096e+03
RP 11025       0.00   5.53556e+02
RP 11026      82.50   3.78953e-02
RP 11026       0.00   1.59304e+01
RP 11027       0.00   7.86111e-02
RP 12020       0.00   4.73333e-01
RP 12021       0.00   2.49056e+00
RP 12022       0.00   3.22933e+01
RP 12023       0.00   1.83110e+02
RP 12027       0.00   1.39863e+03
RP 12028       0.00   5.69444e-03
RP 13022       0.00   6.54306e-01
RP 13023       0.00   5.38708e+00
RP 13024     425.80   4.12292e+00
RP 13024       0.00   3.71025e+01
RP 13025       0.00   2.37733e+02
RP 13026       0.00   4.10184e-03
RP 13028       0.00   4.22921e+02
RP 13029       0.00   1.88611e-01
RP 13030       0.00   6.94444e-04
RP 14022       0.00   4.66667e-02
RP 14023       0.00   4.42500e-01
RP 14024       0.00   4.07944e+00
RP 14025       0.00   1.35231e+01
RP 14026       0.00   1.05435e+01
RP 14027       0.00   7.27117e+01
RP 14031       0.00   5.55556e-03
RP 14032       0.00   6.27778e-07
RP 15026       0.00   2.48611e-02
RP 15027       0.00   8.18056e-02
RP 15028       0.00   1.80556e-03
RP 15029       0.00   8.77778e-02
RP 15030       0.00   1.43528e+00
RP 15032       0.00   1.86117e-02
RP 15033       0.00   2.77765e-04
RP 16027       0.00   1.38889e-04
RP 16030       0.00   4.16667e-04
RP 16031       0.00   1.11111e-03
RP 16035       0.00   6.56143e-04
RP 17034       0.00   2.08333e-03
RP 17036       0.00   3.19508e-09
RP 18037       0.00   2.22061e-03
RP 19038       0.00   4.16667e-04
RP 19040       0.00   7.71377e-14
RP 20039       0.00   1.38889e-04
RP 21044     146.19   1.61290e-06
RP 21044       0.00   1.61832e-06
RP 22044       0.00   1.61938e-06
VN Wafer
RP 2006       0.00   1.55833e-01
RP 2008       0.00   4.16667e-04
RP 3008       0.00   2.61389e-01
RP 3009       0.00   3.88889e-03
RP 4007       0.00   9.20908e-01
RP 4008       0.00   2.62917e-01
RP 4010       0.00   1.49311e-07
RP 4011       0.00   1.38889e-03
RP 4012       0.00   6.94444e-04
RP 5008       0.00   1.25000e-03
RP 5009       0.00   2.77777e-04
RP 5012       0.00   1.15417e-01
RP 5013       0.00   3.19444e-03
RP 5014       0.00   5.55556e-04
RP 5015       0.00   1.38889e-04
RP 6009       0.00   2.77778e-04
RP 6010       0.00   1.80833e-01
RP 6011       0.00   1.15431e+00
RP 6014       0.00   6.12023e-05
RP 6015       0.00   4.30556e-03
RP 6016       0.00   4.02778e-03
RP 6017       0.00   6.94444e-04
RP 6018       0.00   4.16667e-04
RP 7012       0.00   1.38889e-03
RP 7013       0.00   3.12639e-01
RP 7016     120.42   2.94975e-03
RP 7016       0.00   1.32222e-01
RP 7017       0.00   2.88889e-02
RP 7018       0.00   6.52778e-03
RP 7019       0.00   1.25000e-03
RP 7020       0.00   1.38889e-04
RP 8013       0.00   2.77778e-04
RP 8014       0.00   3.01389e-02
RP 8015       0.00   1.23139e+00
RP 8019       0.00   1.05556e-01
RP 8020       0.00   4.91667e-02
RP 8021       0.00   8.88889e-03
RP 8022       0.00   3.33333e-03
RP 8023       0.00   2.77778e-04
RP 9017       0.00   4.03194e-01
RP 9018       0.00   4.68153e+00
RP 9020       0.00   8.22361e-01
RP 9021       0.00   1.95694e-01
RP 9022       0.00   6.37500e-02
RP 9023       0.00   1.62500e-02
RP 9024       0.00   2.91667e-03
RP 9025       0.00   4.16667e-04
RP 9026       0.00   1.38889e-04
RP 10017       0.00   9.72222e-04
RP 10018       0.00   5.58333e-02
RP 10019       0.00   4.12361e-01
RP 10023       0.00   4.29583e-01
RP 10024       0.00   2.63056e-01
RP 10025       0.00   7.55556e-02
RP 10026       0.00   6.52778e-03
RP 10027       0.00   1.25000e-03
RP 11020       0.00   1.06111e-01
RP 11021       0.00   9.72222e-01
RP 11022       0.00   2.43554e+00
RP 11024     472.21   2.65549e-01
RP 11024       0.00   3.42819e+00
RP 11025       0.00   1.09917e+00
RP 11026      82.50   6.28935e-03
RP 11026       0.00   1.20444e+00
RP 11027       0.00   6.88889e-02
RP 11028       0.00   8.47222e-03
RP 12020       0.00   2.63889e-03
RP 12021       0.00   1.73611e-02
RP 12022       0.00   2.84306e-01
RP 12023       0.00   1.98125e+00
RP 12027       0.00   7.48889e-01
RP 12028       0.00   1.40278e-01
RP 12029       0.00   2.63889e-03
RP 13022       0.00   4.86111e-03
RP 13023       0.00   5.47222e-02
RP 13024     425.80   4.97222e-02
RP 13024       0.00   4.38889e-01
RP 13025       0.00   2.54819e+00
RP 13026       0.00   2.53712e-05
RP 13028       0.00   3.15189e+01
RP 13029       0.00   1.56625e+00
RP 13030       0.00   1.10417e-01
RP 14022       0.00   1.38889e-04
RP 14023       0.00   3.19444e-03
RP 14024       0.00   4.88889e-02
RP 14025       0.00   2.53611e-01
RP 14026       0.00   1.53153e+00
RP 14027       0.00   1.28693e+01
RP 14031       0.00   1.31181e+00
RP 14032       0.00   1.25556e-06
RP 15026       0.00   5.70833e-02
RP 15027       0.00   4.04167e-02
RP 15028       0.00   2.11528e-01
RP 15029       0.00   1.91944e-01
RP 15030       0.00   1.03056e-01
RP 15032       0.00   2.50118e-03
RP 16027       0.00   1.38889e-04
RP 16028       0.00   9.72222e-04
RP 16029       0.00   1.38889e-04
RP 16030       0.00   1.66667e-03
RP 16031       0.00   1.38889e-03
RP 17036       0.00   3.19508e-10
RP 19040       0.00   7.71377e-14
RP 23048       0.00   1.38889e-04
RP 27058       0.00   1.34989e-04
RP 33072       0.00   1.38889e-04
RP 39088       0.00   1.25962e-04
RP 43092       0.00   1.38889e-04
RP 45101       0.00   2.63121e-05
RP 47102       0.00   1.38889e-04
RP 50117     314.58   2.06956e-10
RP 51117       0.00   1.38889e-04
RP 52127       0.00   1.38889e-04
VN sideACDPanel
RP 2006       0.00   2.32042e+00
RP 2008       0.00   3.69444e-02
RP 3008       0.00   3.54917e+00
RP 3009       0.00   5.23889e-01
RP 3011       0.00   2.22222e-03
RP 4007       0.00   1.19333e+01
RP 4008       0.00   3.82069e+00
RP 4010       0.00   2.75574e-06
RP 4011       0.00   2.59722e-02
RP 4012       0.00   4.27778e-02
RP 4014       0.00   1.38889e-04
RP 5008       0.00   1.75556e-01
RP 5009       0.00   9.59718e-02
RP 5012       0.00   2.93153e+00
RP 5013       0.00   2.19028e-01
RP 5014       0.00   6.59731e-02
RP 5015       0.00   4.16667e-04
RP 6009       0.00   9.59722e-02
RP 6010       0.00   2.79736e+00
RP 6011       0.00   2.73729e+01
RP 6014       0.00   3.62114e-04
RP 6015       0.00   1.07500e-01
RP 6016       0.00   1.52778e-03
RP 7012       0.00   1.80139e-01
RP 7013       0.00   1.81625e+00
RP 7016     120.42   1.11887e-03
RP 7016       0.00   9.47917e-01
RP 7017       0.00   2.33333e-02
RP 7018       0.00   1.94444e-03
RP 8013       0.00   6.81944e-02
RP 8014       0.00   6.43889e-01
RP 8015       0.00   9.93625e+00
RP 8019       0.00   1.11111e-03
RP 9017       0.00   1.01806e-01
RP 9018       0.00   1.23611e-02
RP 9020       0.00   1.38889e-04
RP 10018       0.00   1.52778e-03
RP 10019       0.00   5.55556e-04
RP 10023       0.00   1.38889e-04
RP 11022       0.00   9.74164e-05
RP 11024       0.00   1.38889e-04
RP 12027       0.00   1.38889e-04
RP 13026       0.00   4.02794e-10
VN topACDPanel
RP 2006       0.00   6.87500e-01
RP 2008       0.00   1.04167e-02
RP 3008       0.00   1.03736e+00
RP 3009       0.00   1.49028e-01
RP 3011       0.00   8.33333e-04
RP 4007       0.00   3.81431e+00
RP 4008       0.00   1.10306e+00
RP 4010       0.00   7.98003e-07
RP 4011       0.00   7.63889e-03
RP 4012       0.00   1.25000e-02
RP 4014       0.00   1.38889e-04
RP 5008       0.00   4.13889e-02
RP 5009       0.00   2.43054e-02
RP 5012       0.00   7.90833e-01
RP 5013       0.00   5.93056e-02
RP 5014       0.00   2.02787e-02
RP 5015       0.00   2.77778e-04
RP 6009       0.00   2.43056e-02
RP 6010       0.00   8.57639e-01
RP 6011       0.00   8.13903e+00
RP 6014       0.00   1.01396e-04
RP 6015       0.00   3.41667e-02
RP 6016       0.00   4.16667e-04
RP 7012       0.00   5.22222e-02
RP 7013       0.00   5.52361e-01
RP 7016     120.42   3.05146e-04
RP 7016       0.00   2.52222e-01
RP 7017       0.00   6.11111e-03
RP 7018       0.00   8.33333e-04
RP 8013       0.00   2.06944e-02
RP 8014       0.00   1.90833e-01
RP 8015       0.00   2.86958e+00
RP 8019       0.00   4.16667e-04
RP 9017       0.00   3.56944e-02
RP 9018       0.00   4.16667e-03
RP 10018       0.00   4.16667e-04
RP 10019       0.00   1.38889e-04
RP 11021       0.00   2.77778e-04
RP 11022       0.00   9.74164e-05
RP 11024       0.00   1.38889e-04
RP 12021       0.00   1.38889e-04
RP 12027       0.00   1.38889e-04
RP 13026       0.00   2.68529e-10
RP 13028       0.00   5.55556e-04

EN
