# Cosima universal isotope store
# VN is followed by the volume name in which the isotope was produced
# RP is followed by the isotope ID (1000*Z+A), the excitation in keV, and a value (e.g. the number of produced isotopes, activation in Bq)

TT 0

VN CSILog
RP 2006       0.00   5.83333e-03
RP 3008       0.00   5.55556e-04
RP 4007       0.00   5.92091e-03
RP 4008       0.00   5.55556e-04
RP 4010       0.00   6.37535e-10
RP 5012       0.00   8.33333e-04
RP 6010       0.00   6.94444e-04
RP 6011       0.00   4.44444e-03
RP 6014       0.00   3.37761e-08
RP 7012       0.00   1.38889e-04
RP 7013       0.00   2.77778e-04
RP 7016       0.00   1.38889e-04
RP 8015       0.00   5.55556e-04
RP 9017       0.00   1.38889e-04
RP 9018       0.00   1.38889e-04
RP 10019       0.00   1.38889e-04
RP 13026       0.00   1.47691e-09
RP 13028       0.00   2.77778e-04
RP 13029       0.00   1.38889e-04
RP 14027       0.00   2.77778e-04
RP 15032       0.00   1.38889e-04
RP 16035       0.00   1.31229e-04
RP 19040       0.00   7.71377e-14
RP 21049       0.00   1.38889e-04
RP 23048       0.00   5.55555e-04
RP 23052       0.00   2.77778e-04
RP 25053       0.00   2.57401e-11
RP 26059       0.00   1.38419e-04
RP 26060       0.00   3.67434e-11
RP 27060      58.59   3.67424e-11
RP 27060       0.00   1.71134e-05
RP 28063       0.00   9.48013e-07
RP 29064       0.00   4.16667e-04
RP 29067       0.00   1.38889e-04
RP 30065       0.00   8.96928e-05
RP 30067      93.31   1.42987e-04
RP 30069       0.00   2.77778e-04
RP 31067       0.00   1.38889e-04
RP 32071     198.35   5.83258e-06
RP 32071       0.00   1.38889e-04
RP 33071       0.00   1.38889e-04
RP 33077       0.00   1.38889e-04
RP 34077     161.92   3.52061e-06
RP 35076       0.00   1.38889e-04
RP 35077       0.00   1.38889e-04
RP 38085       0.00   1.36089e-04
RP 38087     388.53   1.38890e-04
RP 39086       0.00   1.38888e-04
RP 39087       0.00   1.38889e-04
RP 39088     392.86   2.64431e-04
RP 39088       0.00   3.32970e-04
RP 39089     908.97   5.49030e-04
RP 39092       0.00   1.38889e-04
RP 40086       0.00   1.38889e-04
RP 40088       0.00   2.64431e-04
RP 40089     587.82   5.93923e-06
RP 40089       0.00   5.55556e-04
RP 40090    2319.00   2.46744e-04
RP 41089       0.00   4.16667e-04
RP 41090     382.01   1.27979e-04
RP 41090     124.67   1.27979e-04
RP 41090     122.37   1.28725e-04
RP 41090       0.00   2.67614e-04
RP 41091     104.60   1.47822e-07
RP 41091       0.00   7.07438e-07
RP 41093      30.77   1.79498e-09
RP 41094       0.00   9.48435e-09
RP 42089       0.00   1.38889e-04
RP 42090       0.00   1.38889e-04
RP 42091       0.00   4.16667e-04
RP 42093       0.00   9.62485e-08
RP 42100       0.00   0.00000e+00
RP 43092       0.00   2.77778e-04
RP 43093       0.00   1.38889e-04
RP 43094      76.00   6.94091e-04
RP 43094       0.00   1.24965e-03
RP 43095      38.91   3.55506e-05
RP 43095       0.00   1.80499e-03
RP 43096       0.00   2.77778e-04
RP 43097      96.57   1.01386e-06
RP 43097       0.00   4.97368e-10
RP 43099       0.00   9.12057e-10
RP 43100       0.00   1.38889e-04
RP 43101       0.00   1.38889e-04
RP 44094       0.00   6.94091e-04
RP 44095       0.00   1.52778e-03
RP 44097       0.00   3.05555e-03
RP 44103       0.00   1.38669e-04
RP 44106       0.00   6.85899e-05
RP 45095       0.00   1.38889e-04
RP 45096       0.00   5.55556e-04
RP 45097       0.00   6.94444e-04
RP 45098       0.00   1.25000e-03
RP 45099       0.00   3.47222e-03
RP 45100       0.00   5.13888e-03
RP 45101     157.32   3.63696e-03
RP 45101       0.00   1.09946e-03
RP 45102       0.00   1.56697e-03
RP 45103      39.75   1.50773e-02
RP 45104       0.00   5.55556e-04
RP 45105       0.00   1.38889e-04
RP 45106       0.00   4.85257e-04
RP 45107       0.00   1.38889e-04
RP 45108       0.00   1.38889e-04
RP 45109       0.00   1.38889e-04
RP 46098       0.00   5.55556e-04
RP 46099       0.00   1.80556e-03
RP 46100       0.00   3.19444e-03
RP 46101       0.00   3.69955e-03
RP 46103       0.00   1.53961e-02
RP 46105     489.14   2.16535e-04
RP 46107       0.00   2.07345e-10
RP 46109       0.00   8.33333e-04
RP 47100       0.00   2.77778e-04
RP 47101     274.10   5.89422e-05
RP 47101       0.00   6.94621e-04
RP 47102       9.40   7.74224e-04
RP 47102       0.00   4.44444e-03
RP 47103     134.45   5.43686e-04
RP 47103       0.00   7.08334e-03
RP 47104       6.90   1.05555e-02
RP 47104       0.00   2.02777e-02
RP 47105      25.48   2.72078e-02
RP 47105       0.00   4.32389e-02
RP 47106       0.00   1.34722e-02
RP 47107      93.12   7.32865e-02
RP 47108       0.00   9.72222e-03
RP 47109      88.03   7.17139e-02
RP 47110       0.00   2.50000e-03
RP 47111       0.00   1.38889e-03
RP 47112       0.00   6.94444e-04
RP 47113       0.00   1.38889e-04
RP 48101       0.00   4.16667e-04
RP 48102       0.00   8.33333e-04
RP 48103       0.00   2.77778e-03
RP 48104       0.00   1.05556e-02
RP 48105       0.00   3.18056e-02
RP 48107       0.00   7.33334e-02
RP 48109     463.50   5.10744e-05
RP 48109      59.49   4.33288e-03
RP 48109       0.00   7.52817e-02
RP 48111     396.21   2.58579e-05
RP 48113     263.54   1.21926e-07
RP 48113       0.00   1.29456e-18
RP 48115       0.00   3.33333e-03
RP 48116       0.00   0.00000e+00
RP 48122       0.00   1.38889e-04
RP 49104       0.00   1.38889e-04
RP 49105       0.00   1.52778e-03
RP 49106       0.00   5.83333e-03
RP 49107       0.00   2.31944e-02
RP 49108       0.00   5.48611e-02
RP 49109     650.10   9.62411e-03
RP 49109       0.00   1.08078e-01
RP 49110       0.00   2.63194e-01
RP 49111     536.99   1.39078e-03
RP 49111       0.00   5.19143e-01
RP 49112       0.00   1.70000e-01
RP 49113     391.70   1.06682e+00
RP 49114       0.00   1.00278e-01
RP 49115     336.24   3.33333e-03
RP 49115       0.00   9.87531e-17
RP 49116       0.00   3.79167e-02
RP 49117       0.00   1.88889e-02
RP 49118       0.00   8.05556e-03
RP 49119       0.00   2.77778e-03
RP 49120       0.00   5.55556e-04
RP 49121       0.00   4.16667e-04
RP 49122       0.00   6.94444e-04
RP 49123       0.00   5.55556e-04
RP 49124       0.00   1.38889e-04
RP 50106       0.00   2.77778e-04
RP 50107       0.00   1.94444e-03
RP 50108       0.00   1.08333e-02
RP 50109       0.00   3.29163e-02
RP 50110       0.00   1.26806e-01
RP 50111     254.71   6.27071e-04
RP 50111       0.00   3.70556e-01
RP 50113      77.39   3.89465e-02
RP 50113       0.00   1.09429e+00
RP 50117     314.58   7.00034e-05
RP 50119      89.53   1.18622e-04
RP 50121       6.31   7.89002e-07
RP 50121       0.00   3.34226e-02
RP 50123       0.00   5.01123e-03
RP 50125       0.00   1.38889e-03
RP 50126       0.00   4.18555e-10
RP 50127       0.00   1.38889e-04
RP 50128       0.00   1.38889e-04
RP 51109       0.00   1.38564e-04
RP 51110       0.00   1.52778e-03
RP 51111       0.00   7.77778e-03
RP 51112       0.00   4.54167e-02
RP 51113       0.00   1.86250e-01
RP 51114       0.00   4.61389e-01
RP 51115       0.00   1.30556e+00
RP 51116       0.00   2.20611e+00
RP 51117       0.00   2.43320e+00
RP 51118       0.00   3.90251e+00
RP 51119       0.00   5.38943e+00
RP 51120       0.00   1.08639e+00
RP 51122       0.00   4.53611e-01
RP 51124       0.00   1.48173e-01
RP 51125       0.00   1.52955e-02
RP 51126      40.40   2.89981e-10
RP 51126      17.70   4.18533e-10
RP 51126       0.00   7.91667e-03
RP 51127    1920.19   1.85870e-05
RP 51127       0.00   6.94444e-04
RP 51128       0.00   5.55556e-04
RP 51129       0.00   5.55556e-04
RP 51130       0.00   2.77778e-04
RP 52112       0.00   5.55556e-04
RP 52113       0.00   5.41667e-03
RP 52114       0.00   2.63889e-02
RP 52115       0.00   1.46389e-01
RP 52116       0.00   6.02083e-01
RP 52117       0.00   9.12639e-01
RP 52118       0.00   2.11444e+00
RP 52119       0.00   3.96875e+00
RP 52121     293.97   9.60366e-03
RP 52121       0.00   1.02693e+01
RP 52123     247.47   6.56754e-04
RP 52123       0.00   -1.73118e-15
RP 52125     144.78   2.80303e-03
RP 52127      88.23   8.12322e-05
RP 52127       0.00   7.37334e-01
RP 52128       0.00   0.00000e+00
RP 52129     105.51   9.02215e-05
RP 52129       0.00   6.52773e-03
RP 52130       0.00   0.00000e+00
RP 52131       0.00   9.72222e-04
RP 53115       0.00   6.94444e-04
RP 53116       0.00   6.52778e-03
RP 53117       0.00   5.47222e-02
RP 53118       0.00   2.08194e-01
RP 53119       0.00   7.45556e-01
RP 53120       0.00   2.98278e+00
RP 53121       0.00   6.36903e+00
RP 53122       0.00   1.09018e+01
RP 53123       0.00   1.69642e+01
RP 53124       0.00   1.07981e+01
RP 53125       0.00   2.94684e+01
RP 53126       0.00   2.87179e+01
RP 53128       0.00   1.52567e+02
RP 53129       0.00   1.03100e-08
RP 53130       0.00   1.19306e-01
RP 53131       0.00   6.20833e-02
RP 53132       0.00   5.00000e-03
RP 54116       0.00   2.77778e-04
RP 54117       0.00   2.36111e-03
RP 54118       0.00   3.18056e-02
RP 54119       0.00   1.09584e-01
RP 54120       0.00   7.13194e-01
RP 54121       0.00   2.12347e+00
RP 54122       0.00   4.65514e+00
RP 54123     185.18   3.44927e-04
RP 54123       0.00   8.11482e+00
RP 54124       0.00   3.35053e-15
RP 54125       0.00   1.41501e+01
RP 54127     297.10   9.71360e-04
RP 54127       0.00   1.29294e+01
RP 54131     163.93   6.71804e-04
RP 54133       0.00   6.58889e-01
RP 54134       0.00   0.00000e+00
RP 55119       0.00   1.39222e-04
RP 55120       0.00   5.55556e-04
RP 55121       0.00   6.66448e-03
RP 55122       0.00   6.83333e-02
RP 55123       0.00   2.08991e-01
RP 55124     462.63   3.57358e-05
RP 55124       0.00   7.68472e-01
RP 55125       0.00   1.76792e+00
RP 55126       0.00   3.56361e+00
RP 55127       0.00   5.86084e+00
RP 55128       0.00   1.04061e+01
RP 55129       0.00   1.38485e+01
RP 55130       0.00   1.05114e+01
RP 55131       0.00   2.57722e+01
RP 55132       0.00   2.68896e+01
RP 55134       0.00   7.05229e+01
RP 55135       0.00   1.25567e-10
RP 56121       0.00   2.75594e-04
RP 56122       0.00   2.77778e-03
RP 56123       0.00   1.78799e-02
RP 56124       0.00   8.41667e-02
RP 56125       0.00   3.36111e-01
RP 56126       0.00   9.26667e-01
RP 56127       0.00   1.87333e+00
RP 56128       0.00   4.18444e+00
RP 56129       0.00   6.49333e+00
RP 56131       0.00   1.03361e+01
RP 56132       0.00   0.00000e+00
RP 56133       0.00   2.22360e-01
RP 57127       0.00   1.38889e-04
RP 57128       0.00   4.16667e-04
RP 57130       0.00   2.77778e-04
RP 57131       0.00   1.38889e-04
RP 57132       0.00   1.38889e-04
RP 57133       0.00   4.16667e-04
RP 57134       0.00   2.77778e-04
RP 57135       0.00   2.77778e-04
RP 57136       0.00   1.38889e-04
VN PassiveFrame_BigBlock_1
RP 2006       0.00   9.76111e-01
RP 2008       0.00   4.16667e-04
RP 3008       0.00   1.11264e+00
RP 3009       0.00   9.16667e-03
RP 4007       0.00   5.49305e+01
RP 4008       0.00   1.12736e+00
RP 4010       0.00   1.83049e-06
RP 4011       0.00   4.02778e-03
RP 4012       0.00   1.38889e-04
RP 5008       0.00   1.25000e-03
RP 5009       0.00   1.34722e-02
RP 5012       0.00   1.42042e+00
RP 5013       0.00   9.02778e-03
RP 5014       0.00   4.16667e-04
RP 6009       0.00   1.34722e-02
RP 6010       0.00   1.15383e+01
RP 6011       0.00   1.61365e+02
RP 6014       0.00   2.77690e-04
RP 6015       0.00   2.90278e-02
RP 6016       0.00   1.38889e-04
RP 7012       0.00   6.88611e-01
RP 7013       0.00   5.40694e+00
RP 7016     120.42   1.01715e-04
RP 7016       0.00   4.74583e-01
RP 7017       0.00   1.97222e-02
RP 7018       0.00   1.66667e-03
RP 8013       0.00   7.22222e-03
RP 8014       0.00   1.23403e+00
RP 8015       0.00   5.47500e+01
RP 8019       0.00   6.94444e-04
RP 9017       0.00   4.78611e-01
RP 9018       0.00   1.51389e-02
RP 9020       0.00   4.16667e-04
RP 10019       0.00   1.38889e-04
RP 11021       0.00   2.77778e-04
RP 11022       0.00   7.46859e-04
RP 12023       0.00   2.77778e-04
RP 13025       0.00   6.94444e-04
RP 13026       0.00   8.19014e-09
RP 13028       0.00   4.16667e-04
RP 14026       0.00   4.16667e-04
RP 14027       0.00   5.97222e-03
RP 15027       0.00   1.38889e-04
RP 15028       0.00   1.38889e-04
VN PassiveFrame_Part_X
RP 2006       0.00   2.05556e-02
RP 3008       0.00   2.55556e-02
RP 3009       0.00   4.16667e-04
RP 4007       0.00   1.17413e+00
RP 4008       0.00   2.58333e-02
RP 4010       0.00   3.76146e-08
RP 5009       0.00   2.77777e-04
RP 5012       0.00   2.94444e-02
RP 5013       0.00   4.16667e-04
RP 6009       0.00   2.77778e-04
RP 6010       0.00   2.51389e-01
RP 6011       0.00   3.43028e+00
RP 6014       0.00   5.96148e-06
RP 6015       0.00   6.94444e-04
RP 7012       0.00   1.61111e-02
RP 7013       0.00   1.15417e-01
RP 7016       0.00   1.30556e-02
RP 7017       0.00   6.94444e-04
RP 7018       0.00   1.38889e-04
RP 8013       0.00   2.77778e-04
RP 8014       0.00   2.44444e-02
RP 8015       0.00   1.14764e+00
RP 9017       0.00   1.01389e-02
RP 9018       0.00   1.11111e-03
RP 9020       0.00   1.38889e-04
RP 11021       0.00   1.38889e-04
RP 11022       0.00   9.74164e-05
RP 12023       0.00   2.77778e-04
RP 13025       0.00   5.55556e-04
RP 13026       0.00   3.35662e-09
RP 13028       0.00   2.77778e-04
RP 14026       0.00   1.38889e-04
RP 14027       0.00   3.05556e-03
RP 15028       0.00   1.38889e-04
VN PassiveFrame_Part_Y
RP 2006       0.00   2.27778e-02
RP 3008       0.00   2.09722e-02
RP 3009       0.00   1.38889e-04
RP 4007       0.00   1.19437e+00
RP 4008       0.00   2.09722e-02
RP 4010       0.00   4.00372e-08
RP 5012       0.00   2.95833e-02
RP 5013       0.00   2.77778e-04
RP 6010       0.00   2.56944e-01
RP 6011       0.00   3.45569e+00
RP 6014       0.00   5.79260e-06
RP 6015       0.00   5.55556e-04
RP 7012       0.00   1.55556e-02
RP 7013       0.00   1.16111e-01
RP 7016       0.00   1.20833e-02
RP 7017       0.00   2.77778e-04
RP 8013       0.00   1.38889e-04
RP 8014       0.00   2.63889e-02
RP 8015       0.00   1.18792e+00
RP 9017       0.00   8.05556e-03
RP 9018       0.00   5.55556e-04
RP 11021       0.00   1.38889e-04
RP 11022       0.00   2.27305e-04
RP 11024       0.00   1.38889e-04
RP 12023       0.00   2.77778e-04
RP 13025       0.00   1.38889e-04
RP 13026       0.00   3.22235e-09
RP 13028       0.00   1.38889e-04
RP 14026       0.00   1.38889e-04
RP 14027       0.00   2.36111e-03
RP 15028       0.00   1.38889e-04
VN PassiveTray_Block
RP 2006       0.00   1.47500e-01
RP 2008       0.00   2.77778e-04
RP 3008       0.00   2.43194e-01
RP 3009       0.00   8.33333e-04
RP 4007       0.00   5.58177e+00
RP 4008       0.00   2.44583e-01
RP 4010       0.00   2.84851e-07
RP 4011       0.00   1.25000e-03
RP 4012       0.00   1.38889e-04
RP 5009       0.00   1.38888e-03
RP 5012       0.00   5.04167e-01
RP 5013       0.00   2.36111e-03
RP 5014       0.00   1.38889e-04
RP 6009       0.00   1.38889e-03
RP 6010       0.00   1.12611e+00
RP 6011       0.00   1.66919e+01
RP 6014       0.00   4.15277e-05
RP 6015       0.00   1.90278e-02
RP 6016       0.00   2.77778e-04
RP 7012       0.00   6.45833e-02
RP 7013       0.00   5.34861e-01
RP 7016     120.42   2.03431e-04
RP 7016       0.00   2.30417e-01
RP 7017       0.00   5.27778e-03
RP 7018       0.00   9.72222e-04
RP 8013       0.00   1.38889e-03
RP 8014       0.00   1.18056e-01
RP 8015       0.00   5.68819e+00
RP 9017       0.00   1.74444e-01
RP 9018       0.00   1.52778e-03
RP 11022       0.00   6.49443e-05
RP 12023       0.00   1.38889e-04
RP 13026       0.00   1.61118e-09
RP 14027       0.00   1.38889e-04
RP 51116       0.00   1.38889e-04
RP 52121     293.97   2.09429e-07
RP 52121       0.00   1.38823e-04
RP 52123     247.47   1.07547e-08
RP 52123       0.00   4.56992e-24
RP 53121       0.00   1.38889e-04
RP 53123       0.00   2.77778e-04
RP 55126       0.00   1.38889e-04
RP 56126       0.00   1.38889e-04
VN SCBody
RP 2006       0.00   1.64722e-01
RP 2008       0.00   2.77778e-04
RP 3008       0.00   1.48472e-01
RP 3009       0.00   4.16667e-03
RP 4007       0.00   7.51405e-01
RP 4008       0.00   1.59028e-01
RP 4010       0.00   9.02750e-08
RP 4011       0.00   5.00000e-03
RP 5008       0.00   1.05556e-02
RP 5012       0.00   1.47222e-01
RP 5013       0.00   2.50000e-03
RP 5014       0.00   1.38889e-04
RP 6010       0.00   9.70833e-02
RP 6011       0.00   1.39431e+00
RP 6014       0.00   7.40710e-05
RP 6015       0.00   6.94444e-04
RP 7012       0.00   1.80556e-03
RP 7013       0.00   6.44444e-01
RP 7016       0.00   6.05139e-01
RP 7017       0.00   1.93056e-02
RP 7018       0.00   5.27778e-03
RP 7019       0.00   2.77778e-04
RP 8013       0.00   1.38889e-04
RP 8014       0.00   7.36111e-03
RP 8015       0.00   4.71181e+00
RP 8019       0.00   1.65972e-01
RP 8020       0.00   1.55556e-02
RP 8021       0.00   4.16667e-03
RP 8022       0.00   8.33333e-04
RP 8023       0.00   2.77778e-04
RP 9017       0.00   2.63625e+00
RP 9018       0.00   7.59976e+01
RP 9020       0.00   5.30806e+00
RP 9021       0.00   2.98611e-01
RP 9022       0.00   9.22222e-02
RP 9023       0.00   1.09722e-02
RP 9024       0.00   2.91667e-03
RP 10017       0.00   5.55556e-04
RP 10018       0.00   5.68056e-02
RP 10019       0.00   1.95806e+00
RP 10023       0.00   1.79708e+00
RP 10024       0.00   4.04306e-01
RP 10025       0.00   2.58333e-02
RP 11020       0.00   4.66528e-01
RP 11021       0.00   8.50750e+00
RP 11022       0.00   5.18373e+01
RP 11024     472.21   4.13185e-01
RP 11024       0.00   1.13074e+02
RP 11025       0.00   1.10483e+01
RP 11026       0.00   5.27917e-01
RP 12020       0.00   2.77778e-04
RP 12021       0.00   1.25000e-03
RP 12022       0.00   3.38056e-01
RP 12023       0.00   2.03019e+01
RP 12027       0.00   8.85224e+01
RP 13022       0.00   4.16667e-04
RP 13023       0.00   1.83333e-02
RP 13024     425.80   2.50000e-03
RP 13024       0.00   1.02278e+00
RP 13025       0.00   5.03021e+01
RP 13026       0.00   1.01127e-03
RP 13028       0.00   2.10868e+01
RP 13029       0.00   2.63889e-03
RP 14024       0.00   2.50000e-03
RP 14025       0.00   2.22222e-02
RP 14026       0.00   4.11208e+00
RP 14027       0.00   8.03125e+01
RP 15027       0.00   1.38889e-04
RP 15029       0.00   2.22222e-03
RP 15030       0.00   9.01389e-02
VN Wafer
RP 2006       0.00   6.38889e-03
RP 3008       0.00   3.75000e-03
RP 4007       0.00   7.86242e-02
RP 4008       0.00   5.55556e-03
RP 4010       0.00   4.01647e-09
RP 5008       0.00   1.80556e-03
RP 5012       0.00   4.16667e-03
RP 6010       0.00   9.72222e-03
RP 6011       0.00   1.13056e-01
RP 6014       0.00   1.94213e-06
RP 7012       0.00   2.77778e-04
RP 7013       0.00   3.62500e-02
RP 7016       0.00   9.44444e-03
RP 7018       0.00   1.38889e-04
RP 8014       0.00   4.16667e-04
RP 8015       0.00   3.83889e-01
RP 8019       0.00   1.66667e-03
RP 8020       0.00   1.38889e-04
RP 9017       0.00   2.13333e-01
RP 9018       0.00   4.10514e+00
RP 9020       0.00   1.11528e-01
RP 9021       0.00   1.94444e-03
RP 9022       0.00   1.38889e-04
RP 10017       0.00   1.38889e-04
RP 10018       0.00   8.47222e-03
RP 10019       0.00   1.96389e-01
RP 10023       0.00   1.73611e-02
RP 10024       0.00   1.80556e-03
RP 10025       0.00   2.77778e-04
RP 11020       0.00   7.58333e-02
RP 11021       0.00   8.19306e-01
RP 11022       0.00   2.77296e+00
RP 11024     472.21   1.94440e-03
RP 11024       0.00   1.12403e+00
RP 11025       0.00   5.88889e-02
RP 11026       0.00   2.63889e-03
RP 12021       0.00   1.11111e-03
RP 12022       0.00   8.80556e-02
RP 12023       0.00   2.16667e+00
RP 12027       0.00   1.24306e-01
RP 12028       0.00   1.62500e-02
RP 12029       0.00   1.38889e-04
RP 13022       0.00   2.77778e-04
RP 13023       0.00   8.33333e-03
RP 13024     425.80   4.16667e-04
RP 13024       0.00   3.11944e-01
RP 13025       0.00   4.67639e+00
RP 13026       0.00   5.09027e-05
RP 13028       0.00   5.10250e+00
RP 13029       0.00   4.33194e-01
RP 13030       0.00   1.48611e-02
RP 14024       0.00   4.16667e-04
RP 14025       0.00   1.36111e-02
RP 14026       0.00   2.26264e+00
RP 14027       0.00   3.56812e+01
RP 14031       0.00   8.26389e-02
RP 15026       0.00   6.94444e-04
RP 15027       0.00   1.40694e-01
RP 15028       0.00   1.75542e+00
RP 15029       0.00   6.20694e-01
RP 15030       0.00   5.30278e-01
RP 15032       0.00   6.94444e-04
VN sideACDPanel
RP 2006       0.00   8.16944e-01
RP 3008       0.00   8.76111e-01
RP 3009       0.00   8.47222e-03
RP 3011       0.00   1.38889e-04
RP 4007       0.00   6.46376e+01
RP 4008       0.00   8.84861e-01
RP 4010       0.00   1.68016e-06
RP 4011       0.00   1.66667e-03
RP 5008       0.00   4.16667e-04
RP 5009       0.00   8.33330e-03
RP 5012       0.00   9.02361e-01
RP 5013       0.00   5.13889e-03
RP 5014       0.00   1.38889e-04
RP 6009       0.00   8.33333e-03
RP 6010       0.00   1.31079e+01
RP 6011       0.00   2.07159e+02
RP 6014       0.00   2.69804e-04
RP 6015       0.00   1.38889e-02
RP 6016       0.00   5.55556e-04
RP 7012       0.00   8.21528e-01
RP 7013       0.00   5.74667e+00
RP 7016     120.42   4.06862e-04
RP 7016       0.00   2.48889e-01
RP 7017       0.00   2.05556e-02
RP 7018       0.00   1.11111e-03
RP 8013       0.00   5.41667e-03
RP 8014       0.00   1.25792e+00
RP 8015       0.00   6.90104e+01
RP 9017       0.00   2.75931e+00
RP 9018       0.00   1.86111e-02
RP 11021       0.00   4.16667e-04
RP 11022       0.00   6.49443e-05
RP 13026       0.00   4.02794e-10
RP 14027       0.00   1.38889e-04
RP 15028       0.00   1.38889e-04
VN topACDPanel
RP 2006       0.00   3.19306e-01
RP 3008       0.00   3.41528e-01
RP 3009       0.00   3.33333e-03
RP 4007       0.00   2.53683e+01
RP 4008       0.00   3.45556e-01
RP 4010       0.00   6.61953e-07
RP 4011       0.00   6.94444e-04
RP 4012       0.00   1.38889e-04
RP 5008       0.00   1.38889e-04
RP 5009       0.00   3.88887e-03
RP 5012       0.00   3.40972e-01
RP 5013       0.00   2.22222e-03
RP 5014       0.00   2.77778e-04
RP 6009       0.00   3.88889e-03
RP 6010       0.00   5.16694e+00
RP 6011       0.00   8.10621e+01
RP 6014       0.00   1.07374e-04
RP 6015       0.00   5.27778e-03
RP 7012       0.00   3.21389e-01
RP 7013       0.00   2.28069e+00
RP 7016       0.00   9.61111e-02
RP 7017       0.00   6.25000e-03
RP 7018       0.00   2.77778e-04
RP 8013       0.00   2.36111e-03
RP 8014       0.00   4.86944e-01
RP 8015       0.00   2.69724e+01
RP 8019       0.00   1.38889e-04
RP 9017       0.00   1.02611e+00
RP 9018       0.00   6.80556e-03
RP 11021       0.00   1.38889e-04
RP 11022       0.00   3.24721e-05
RP 13025       0.00   1.38889e-04
RP 13026       0.00   2.68529e-10
RP 14027       0.00   1.38889e-04

EN
