# Cosima universal isotope store
# VN is followed by the volume name in which the isotope was produced
# RP is followed by the isotope ID (1000*Z+A), the excitation in keV, and a value (e.g. the number of produced isotopes, activation in Bq)

TT 50

VN CSILog
RP 2006       0.00   2.40000e+01
RP 3008       0.00   1.60000e+01
RP 3009       0.00   1.00000e+00
RP 4007       0.00   1.70000e+01
RP 4010       0.00   1.60000e+01
RP 5012       0.00   3.00000e+00
RP 6010       0.00   1.00000e+00
RP 6011       0.00   1.50000e+01
RP 6014       0.00   4.00000e+00
RP 7013       0.00   4.00000e+00
RP 7016       0.00   1.00000e+00
RP 7017       0.00   1.00000e+00
RP 7018       0.00   1.00000e+00
RP 8015       0.00   7.00000e+00
RP 9017       0.00   2.00000e+00
RP 9018       0.00   1.30000e+01
RP 9020       0.00   7.00000e+00
RP 9021       0.00   2.00000e+00
RP 9022       0.00   1.00000e+00
RP 10019       0.00   1.00000e+00
RP 11021       0.00   1.00000e+00
RP 11022       0.00   1.70000e+01
RP 11024       0.00   1.40000e+01
RP 11025       0.00   4.00000e+00
RP 12027       0.00   2.00000e+00
RP 13025       0.00   1.00000e+00
RP 13026       0.00   1.60000e+01
RP 13028       0.00   1.30000e+01
RP 13029       0.00   4.00000e+00
RP 13030       0.00   1.00000e+00
RP 14027       0.00   2.00000e+00
RP 14031       0.00   4.00000e+00
RP 14032       0.00   3.00000e+00
RP 14033       0.00   1.00000e+00
RP 15029       0.00   1.00000e+00
RP 15030       0.00   1.50000e+01
RP 15032       0.00   1.40000e+01
RP 15033       0.00   1.10000e+01
RP 15034       0.00   3.00000e+00
RP 16031       0.00   1.00000e+00
RP 16035       0.00   9.00000e+00
RP 16037       0.00   2.00000e+00
RP 17034       0.00   1.00000e+00
RP 17036       0.00   3.30000e+01
RP 17038       0.00   6.00000e+00
RP 18037       0.00   1.10000e+01
RP 18039       0.00   7.00000e+00
RP 18041       0.00   1.00000e+00
RP 19038       0.00   6.00000e+00
RP 19040       0.00   2.10000e+01
RP 19042       0.00   1.00000e+01
RP 19043       0.00   3.00000e+00
RP 19044       0.00   1.00000e+00
RP 20041       0.00   6.00000e+00
RP 20045       0.00   6.00000e+00
RP 20047       0.00   2.00000e+00
RP 20048       0.00   1.00000e+00
RP 21042       0.00   2.00000e+00
RP 21043       0.00   4.00000e+00
RP 21044       0.00   1.80000e+01
RP 21046       0.00   1.20000e+01
RP 21047       0.00   5.00000e+00
RP 21048       0.00   2.00000e+00
RP 21055       0.00   1.00000e+00
RP 22044       0.00   2.00000e+00
RP 22045       0.00   5.00000e+00
RP 22051       0.00   1.00000e+00
RP 23046       0.00   1.00000e+00
RP 23047       0.00   8.00000e+00
RP 23048       0.00   1.60000e+01
RP 23049       0.00   1.50000e+01
RP 23050       0.00   1.80000e+01
RP 23052       0.00   3.00000e+00
RP 23054       0.00   1.00000e+00
RP 24047       0.00   1.00000e+00
RP 24048       0.00   3.00000e+00
RP 24049       0.00   9.00000e+00
RP 24051       0.00   2.60000e+01
RP 25051       0.00   6.00000e+00
RP 25052       0.00   1.30000e+01
RP 25053       0.00   2.90000e+01
RP 25054       0.00   1.90000e+01
RP 25056       0.00   7.00000e+00
RP 25057       0.00   4.00000e+00
RP 26052       0.00   4.00000e+00
RP 26053       0.00   6.00000e+00
RP 26055       0.00   4.00000e+01
RP 26059       0.00   2.00000e+00
RP 27055       0.00   4.00000e+00
RP 27056       0.00   1.90000e+01
RP 27057       0.00   3.50000e+01
RP 27058       0.00   3.50000e+01
RP 27060       0.00   1.50000e+01
RP 27061       0.00   3.00000e+00
RP 27062       0.00   2.00000e+00
RP 27063       0.00   1.00000e+00
RP 28056       0.00   1.00000e+00
RP 28057       0.00   9.00000e+00
RP 28059       0.00   3.90000e+01
RP 28063       0.00   1.80000e+01
RP 28065       0.00   5.00000e+00
RP 28066       0.00   3.00000e+00
RP 28067       0.00   1.00000e+00
RP 28078       0.00   1.00000e+00
RP 29059       0.00   1.00000e+00
RP 29060       0.00   5.00000e+00
RP 29061       0.00   2.20000e+01
RP 29062       0.00   3.30000e+01
RP 29064       0.00   4.00000e+01
RP 29066       0.00   8.00000e+00
RP 29067       0.00   5.00000e+00
RP 29068       0.00   1.00000e+00
RP 29069       0.00   1.00000e+00
RP 30062       0.00   1.20000e+01
RP 30063       0.00   1.70000e+01
RP 30065       0.00   5.00000e+01
RP 30069       0.00   3.00000e+00
RP 30071       0.00   2.00000e+00
RP 30073       0.00   1.00000e+00
RP 30076       0.00   1.00000e+00
RP 31064       0.00   2.00000e+00
RP 31065       0.00   9.00000e+00
RP 31066       0.00   2.30000e+01
RP 31067       0.00   3.50000e+01
RP 31068       0.00   4.60000e+01
RP 31070       0.00   2.30000e+01
RP 31072       0.00   2.00000e+00
RP 31074       0.00   1.00000e+00
RP 32064       0.00   2.00000e+00
RP 32065       0.00   2.00000e+00
RP 32066       0.00   7.00000e+00
RP 32067       0.00   1.70000e+01
RP 32068       0.00   3.90000e+01
RP 32069       0.00   4.20000e+01
RP 32071       0.00   4.60000e+01
RP 32075       0.00   4.00000e+00
RP 33068       0.00   3.00000e+00
RP 33069       0.00   3.00000e+00
RP 33070       0.00   1.30000e+01
RP 33071       0.00   2.50000e+01
RP 33072       0.00   4.70000e+01
RP 33073       0.00   3.20000e+01
RP 33074       0.00   2.70000e+01
RP 33076       0.00   5.00000e+00
RP 33077       0.00   3.00000e+00
RP 33078       0.00   1.00000e+00
RP 33080       0.00   1.00000e+00
RP 34069       0.00   2.00000e+00
RP 34070       0.00   9.00000e+00
RP 34071       0.00   1.60000e+01
RP 34072       0.00   4.70000e+01
RP 34073       0.00   6.30000e+01
RP 34075       0.00   5.70000e+01
RP 34079       0.00   6.00000e+00
RP 35073       0.00   3.00000e+00
RP 35074       0.00   1.40000e+01
RP 35075       0.00   3.40000e+01
RP 35076       0.00   5.20000e+01
RP 35077       0.00   4.30000e+01
RP 35078       0.00   3.50000e+01
RP 35080       0.00   1.00000e+01
RP 35082       0.00   4.00000e+00
RP 35083       0.00   1.00000e+00
RP 35084       0.00   1.00000e+00
RP 36074       0.00   3.00000e+00
RP 36075       0.00   1.90000e+01
RP 36076       0.00   5.70000e+01
RP 36077       0.00   6.70000e+01
RP 36079       0.00   9.40000e+01
RP 36081       0.00   6.30000e+01
RP 36085       0.00   2.00000e+00
RP 37076       0.00   2.00000e+00
RP 37077       0.00   4.00000e+00
RP 37078       0.00   5.00000e+00
RP 37079       0.00   3.60000e+01
RP 37080       0.00   4.80000e+01
RP 37081       0.00   4.60000e+01
RP 37082       0.00   7.10000e+01
RP 37083       0.00   4.30000e+01
RP 37084       0.00   3.90000e+01
RP 37086       0.00   6.00000e+00
RP 37087       0.00   3.00000e+00
RP 38077       0.00   1.00000e+00
RP 38078       0.00   9.00000e+00
RP 38079       0.00   1.20000e+01
RP 38080       0.00   3.80000e+01
RP 38081       0.00   6.40000e+01
RP 38082       0.00   1.37000e+02
RP 38083       0.00   1.40000e+02
RP 38085       0.00   1.13000e+02
RP 38089       0.00   2.00000e+00
RP 38091       0.00   2.00000e+00
RP 38092       0.00   1.00000e+00
RP 39081       0.00   5.00000e+00
RP 39082       0.00   3.00000e+00
RP 39083       0.00   2.10000e+01
RP 39084       0.00   4.40000e+01
RP 39085       0.00   6.60000e+01
RP 39086       0.00   8.90000e+01
RP 39087     380.82   1.00000e+00
RP 39087       0.00   9.20000e+01
RP 39088       0.00   8.50000e+01
RP 39090       0.00   7.00000e+00
RP 39091       0.00   4.00000e+00
RP 39092       0.00   1.00000e+00
RP 39093       0.00   1.00000e+00
RP 40082       0.00   6.00000e+00
RP 40083       0.00   1.10000e+01
RP 40084       0.00   3.70000e+01
RP 40085       0.00   7.10000e+01
RP 40086       0.00   1.38000e+02
RP 40087       0.00   1.55000e+02
RP 40088       0.00   2.01000e+02
RP 40089       0.00   1.81000e+02
RP 40093       0.00   1.60000e+01
RP 40095       0.00   1.00000e+00
RP 41086       0.00   1.00000e+00
RP 41087       0.00   1.30000e+01
RP 41088       0.00   3.60000e+01
RP 41089       0.00   8.10000e+01
RP 41090       0.00   1.17000e+02
RP 41091       0.00   1.40000e+02
RP 41092       0.00   5.30000e+01
RP 41094       0.00   1.50000e+01
RP 41095       0.00   1.20000e+01
RP 41096       0.00   4.00000e+00
RP 41097       0.00   2.00000e+00
RP 41102       0.00   1.00000e+00
RP 41103       0.00   1.00000e+00
RP 42086       0.00   2.00000e+00
RP 42087       0.00   1.00000e+01
RP 42088       0.00   3.60000e+01
RP 42089       0.00   6.50000e+01
RP 42090       0.00   1.41000e+02
RP 42091       0.00   2.27000e+02
RP 42093       0.00   1.30000e+02
RP 42099       0.00   7.00000e+00
RP 43090       0.00   3.00000e+00
RP 43091       0.00   2.00000e+01
RP 43092       0.00   3.50000e+01
RP 43093       0.00   1.82000e+02
RP 43094       0.00   1.17000e+02
RP 43095       0.00   1.23000e+02
RP 43096       0.00   9.00000e+01
RP 43097       0.00   5.30000e+01
RP 43098       0.00   3.50000e+01
RP 43099       0.00   2.00000e+01
RP 43100       0.00   9.00000e+00
RP 43101       0.00   9.00000e+00
RP 43102       0.00   5.00000e+00
RP 43103       0.00   1.00000e+00
RP 43104       0.00   1.00000e+00
RP 43107       0.00   1.00000e+00
RP 44090       0.00   1.00000e+00
RP 44091       0.00   4.00000e+00
RP 44092       0.00   4.50000e+01
RP 44093       0.00   7.90000e+01
RP 44094       0.00   2.45000e+02
RP 44095       0.00   2.61000e+02
RP 44097       0.00   2.55000e+02
RP 44103       0.00   8.00000e+00
RP 44105       0.00   1.00000e+01
RP 44110       0.00   2.00000e+00
RP 45094       0.00   2.00000e+00
RP 45095       0.00   4.30000e+01
RP 45096       0.00   7.70000e+01
RP 45097       0.00   1.64000e+02
RP 45098       0.00   1.95000e+02
RP 45099       0.00   1.87000e+02
RP 45100       0.00   1.99000e+02
RP 45101       0.00   1.26000e+02
RP 45102       0.00   8.50000e+01
RP 45104       0.00   4.00000e+01
RP 45105       0.00   2.20000e+01
RP 45106       0.00   1.10000e+01
RP 45107       0.00   6.00000e+00
RP 45108       0.00   5.00000e+00
RP 45109       0.00   3.00000e+00
RP 45110       0.00   1.00000e+00
RP 45115       0.00   1.00000e+00
RP 46095       0.00   5.00000e+00
RP 46096       0.00   5.80000e+01
RP 46097       0.00   8.00000e+01
RP 46098       0.00   2.07000e+02
RP 46099       0.00   2.71000e+02
RP 46100       0.00   3.26000e+02
RP 46101       0.00   3.20000e+02
RP 46103       0.00   2.63000e+02
RP 46107       0.00   4.40000e+01
RP 46109       0.00   1.50000e+01
RP 46111       0.00   3.00000e+00
RP 46112       0.00   2.00000e+00
RP 46113       0.00   3.00000e+00
RP 46114       0.00   1.00000e+00
RP 46116       0.00   1.00000e+00
RP 46118       0.00   1.00000e+00
RP 47098       0.00   1.00000e+00
RP 47099       0.00   1.40000e+01
RP 47100       0.00   4.70000e+01
RP 47101       0.00   9.20000e+01
RP 47102       0.00   1.99000e+02
RP 47103       0.00   2.47000e+02
RP 47104       0.00   2.93000e+02
RP 47105       0.00   2.54000e+02
RP 47106       0.00   1.85000e+02
RP 47108       0.00   1.16000e+02
RP 47110       0.00   4.40000e+01
RP 47111       0.00   3.60000e+01
RP 47112       0.00   1.30000e+01
RP 47113       0.00   1.40000e+01
RP 47114       0.00   6.00000e+00
RP 47115       0.00   8.00000e+00
RP 47116       0.00   4.00000e+00
RP 47117       0.00   2.00000e+00
RP 47118       0.00   2.00000e+00
RP 47119       0.00   2.00000e+00
RP 48098       0.00   3.00000e+00
RP 48099       0.00   8.00000e+00
RP 48100       0.00   5.00000e+01
RP 48101       0.00   7.70000e+01
RP 48102       0.00   1.89000e+02
RP 48103       0.00   2.83000e+02
RP 48104       0.00   5.37000e+02
RP 48105       0.00   6.73000e+02
RP 48107       0.00   6.03000e+02
RP 48109       0.00   4.41000e+02
RP 48113       0.00   1.07000e+02
RP 48115       0.00   5.00000e+01
RP 48117       0.00   1.80000e+01
RP 48118       0.00   1.00000e+01
RP 48119       0.00   8.00000e+00
RP 48120       0.00   1.00000e+01
RP 48121       0.00   8.00000e+00
RP 48122       0.00   2.00000e+00
RP 49103       0.00   4.00000e+00
RP 49104       0.00   1.90000e+01
RP 49105       0.00   6.50000e+01
RP 49106       0.00   1.48000e+02
RP 49107       0.00   3.53000e+02
RP 49108       0.00   4.33000e+02
RP 49109       0.00   5.09000e+02
RP 49110       0.00   6.06000e+02
RP 49111       0.00   5.50000e+02
RP 49112       0.00   4.98000e+02
RP 49114       0.00   3.54000e+02
RP 49115       0.00   2.85000e+02
RP 49116       0.00   2.07000e+02
RP 49117       0.00   1.45000e+02
RP 49118       0.00   1.00000e+02
RP 49119       0.00   8.90000e+01
RP 49120       0.00   6.00000e+01
RP 49121       0.00   6.40000e+01
RP 49122       0.00   4.40000e+01
RP 49123       0.00   3.50000e+01
RP 49124       0.00   2.40000e+01
RP 49125       0.00   1.00000e+00
RP 50102       0.00   1.00000e+00
RP 50103       0.00   2.00000e+00
RP 50104       0.00   1.60000e+01
RP 50105       0.00   4.10000e+01
RP 50106       0.00   1.19000e+02
RP 50107       0.00   2.14000e+02
RP 50108       0.00   4.17000e+02
RP 50109       0.00   5.74000e+02
RP 50110       0.00   1.08800e+03
RP 50111       0.00   1.30800e+03
RP 50113       0.00   1.96300e+03
RP 50121       0.00   4.52000e+02
RP 50123       0.00   3.03000e+02
RP 50125       0.00   2.87000e+02
RP 50126       0.00   5.00000e+00
RP 50127       0.00   2.00000e+00
RP 50128       0.00   2.00000e+00
RP 50129       0.00   2.00000e+00
RP 51109       0.00   7.00000e+00
RP 51110       0.00   2.30000e+01
RP 51111       0.00   8.50000e+01
RP 51112       0.00   2.03000e+02
RP 51113       0.00   4.99000e+02
RP 51114       0.00   6.99000e+02
RP 51115       0.00   1.39400e+03
RP 51116       0.00   1.76700e+03
RP 51117       0.00   1.86100e+03
RP 51118       0.00   2.07200e+03
RP 51119       0.00   2.14200e+03
RP 51120       0.00   2.07600e+03
RP 51122       0.00   1.38100e+03
RP 51124       0.00   6.99000e+02
RP 51125       0.00   5.23000e+02
RP 51126       0.00   8.70000e+01
RP 51127       0.00   8.20000e+01
RP 51128       0.00   4.10000e+01
RP 51129       0.00   4.20000e+01
RP 51130       0.00   3.40000e+01
RP 52109       0.00   3.00000e+00
RP 52110       0.00   8.00000e+00
RP 52111       0.00   3.50000e+01
RP 52112       0.00   8.90000e+01
RP 52113       0.00   1.96000e+02
RP 52114       0.00   4.42000e+02
RP 52115       0.00   5.62000e+02
RP 52116       0.00   1.07800e+03
RP 52117       0.00   1.10200e+03
RP 52118       0.00   1.92300e+03
RP 52119       0.00   2.42300e+03
RP 52121       0.00   3.29600e+03
RP 52123       0.00   3.17100e+03
RP 52127       0.00   1.64900e+03
RP 52129       0.00   3.84000e+02
RP 52131       0.00   4.38000e+02
RP 52132       0.00   2.00000e+00
RP 53112       0.00   1.00000e+00
RP 53113       0.00   2.00000e+00
RP 53114       0.00   5.00000e+00
RP 53115       0.00   3.70000e+01
RP 53116       0.00   8.80000e+01
RP 53117       0.00   2.27000e+02
RP 53118       0.00   3.55000e+02
RP 53119       0.00   8.25000e+02
RP 53120       0.00   1.42900e+03
RP 53121       0.00   2.74400e+03
RP 53122       0.00   4.12700e+03
RP 53123       0.00   6.89100e+03
RP 53124       0.00   9.34000e+03
RP 53125       0.00   1.64470e+04
RP 53126       0.00   3.65030e+04
RP 53128       0.00   2.69562e+05
RP 53129       0.00   9.15000e+02
RP 53130       0.00   6.42000e+02
RP 53131       0.00   6.43000e+02
RP 53132       0.00   2.00000e+01
RP 54114       0.00   6.00000e+00
RP 54115       0.00   2.40000e+01
RP 54116       0.00   7.50000e+01
RP 54117       0.00   1.15000e+02
RP 54118       0.00   3.20000e+02
RP 54119       0.00   3.53000e+02
RP 54120       0.00   6.88000e+02
RP 54121       0.00   9.30000e+02
RP 54122       0.00   1.61000e+03
RP 54123       0.00   1.91000e+03
RP 54125       0.00   2.50200e+03
RP 54127       0.00   2.97500e+03
RP 54133       0.00   9.77000e+02
RP 55119       0.00   6.00000e+00
RP 55120       0.00   8.00000e+00
RP 55121       0.00   5.70000e+01
RP 55122       0.00   1.14000e+02
RP 55123       0.00   2.58000e+02
RP 55124       0.00   4.99000e+02
RP 55125       0.00   8.98000e+02
RP 55126       0.00   1.34000e+03
RP 55127       0.00   2.13200e+03
RP 55128       0.00   3.48800e+03
RP 55129       0.00   5.27600e+03
RP 55130       0.00   8.72600e+03
RP 55131       0.00   1.59710e+04
RP 55132       0.00   3.32370e+04
RP 55134       0.00   3.95003e+05
RP 56117       0.00   1.00000e+00
RP 56118       0.00   1.00000e+00
RP 56119       0.00   3.00000e+00
RP 56120       0.00   1.30000e+01
RP 56121       0.00   2.80000e+01
RP 56122       0.00   6.40000e+01
RP 56123       0.00   1.02000e+02
RP 56124       0.00   1.71000e+02
RP 56125       0.00   2.15000e+02
RP 56126       0.00   3.01000e+02
RP 56127       0.00   3.51000e+02
RP 56128       0.00   5.07000e+02
RP 56129       0.00   5.90000e+02
RP 56131       0.00   8.81000e+02
RP 56133       0.00   3.67000e+02
RP 57125       0.00   1.00000e+00
RP 57127       0.00   1.00000e+00
RP 57128       0.00   3.00000e+00
RP 57129       0.00   8.00000e+00
RP 57131       0.00   2.00000e+00
RP 57132       0.00   3.00000e+00
RP 57134       0.00   1.00000e+00
RP 57135       0.00   2.00000e+00
RP 57136       0.00   2.00000e+00
VN CZTBar
RP 2006       0.00   1.50000e+01
RP 2008       0.00   1.00000e+00
RP 3008       0.00   5.00000e+00
RP 3009       0.00   2.00000e+00
RP 4007       0.00   1.40000e+01
RP 4010       0.00   8.00000e+00
RP 6010       0.00   1.00000e+00
RP 6011       0.00   8.00000e+00
RP 6014       0.00   2.00000e+00
RP 7013       0.00   1.00000e+00
RP 7016       0.00   1.00000e+00
RP 8015       0.00   3.00000e+00
RP 9018       0.00   4.00000e+00
RP 9020       0.00   5.00000e+00
RP 9022       0.00   1.00000e+00
RP 10025       0.00   1.00000e+00
RP 11021       0.00   1.00000e+00
RP 11022       0.00   1.60000e+01
RP 11024       0.00   4.00000e+00
RP 11025       0.00   1.00000e+00
RP 12023       0.00   1.00000e+00
RP 12027       0.00   2.00000e+00
RP 12028       0.00   1.00000e+00
RP 13025       0.00   1.00000e+00
RP 13026       0.00   1.60000e+01
RP 13028       0.00   5.00000e+00
RP 13029       0.00   6.00000e+00
RP 13030       0.00   2.00000e+00
RP 14031       0.00   4.00000e+00
RP 14032       0.00   3.00000e+00
RP 15029       0.00   1.00000e+00
RP 15030       0.00   1.50000e+01
RP 15032       0.00   1.40000e+01
RP 15033       0.00   6.00000e+00
RP 15034       0.00   4.00000e+00
RP 16035       0.00   6.00000e+00
RP 16037       0.00   3.00000e+00
RP 16038       0.00   1.00000e+00
RP 17034       0.00   3.00000e+00
RP 17036       0.00   1.50000e+01
RP 17038       0.00   3.00000e+00
RP 17039       0.00   1.00000e+00
RP 18037       0.00   1.30000e+01
RP 18039       0.00   5.00000e+00
RP 18041       0.00   1.00000e+00
RP 18042       0.00   1.00000e+00
RP 19038       0.00   2.00000e+00
RP 19040       0.00   2.00000e+01
RP 19042       0.00   7.00000e+00
RP 19043       0.00   1.00000e+00
RP 19044       0.00   1.00000e+00
RP 20041       0.00   2.00000e+01
RP 20045       0.00   4.00000e+00
RP 21042       0.00   2.00000e+00
RP 21043       0.00   1.40000e+01
RP 21044       0.00   1.30000e+01
RP 21046       0.00   1.10000e+01
RP 21047       0.00   5.00000e+00
RP 21048       0.00   4.00000e+00
RP 22044       0.00   8.00000e+00
RP 22045       0.00   1.40000e+01
RP 22051       0.00   1.00000e+00
RP 22052       0.00   1.00000e+00
RP 23046       0.00   3.00000e+00
RP 23047       0.00   1.10000e+01
RP 23048       0.00   3.00000e+01
RP 23049       0.00   4.10000e+01
RP 23050       0.00   2.30000e+01
RP 23052       0.00   3.00000e+00
RP 23053       0.00   1.00000e+00
RP 23054       0.00   1.00000e+00
RP 24048       0.00   6.00000e+00
RP 24049       0.00   2.00000e+01
RP 24051       0.00   6.30000e+01
RP 24055       0.00   1.00000e+00
RP 24056       0.00   1.00000e+00
RP 24057       0.00   2.00000e+00
RP 25050       0.00   2.00000e+00
RP 25051       0.00   1.80000e+01
RP 25052       0.00   4.30000e+01
RP 25053       0.00   8.10000e+01
RP 25054       0.00   4.30000e+01
RP 25056       0.00   6.00000e+00
RP 25057       0.00   1.00000e+00
RP 25058       0.00   2.00000e+00
RP 25059       0.00   1.00000e+00
RP 25061       0.00   1.00000e+00
RP 26052       0.00   7.00000e+00
RP 26053       0.00   1.70000e+01
RP 26055       0.00   1.11000e+02
RP 26059       0.00   3.00000e+00
RP 26060       0.00   6.00000e+00
RP 26061       0.00   2.00000e+00
RP 26062       0.00   1.00000e+00
RP 27054       0.00   2.00000e+00
RP 27055       0.00   3.80000e+01
RP 27056       0.00   7.50000e+01
RP 27057       0.00   1.18000e+02
RP 27058       0.00   1.48000e+02
RP 27060       0.00   4.60000e+01
RP 27061       0.00   2.30000e+01
RP 27062       0.00   2.30000e+01
RP 27063       0.00   1.00000e+01
RP 27064       0.00   8.00000e+00
RP 27065       0.00   3.00000e+00
RP 27066       0.00   2.00000e+00
RP 27067       0.00   1.00000e+00
RP 28056       0.00   8.00000e+00
RP 28057       0.00   3.40000e+01
RP 28059       0.00   2.33000e+02
RP 28063       0.00   7.20000e+01
RP 28065       0.00   1.20000e+01
RP 28066       0.00   6.00000e+00
RP 28067       0.00   1.00000e+00
RP 28068       0.00   1.00000e+00
RP 29058       0.00   1.00000e+00
RP 29059       0.00   9.00000e+00
RP 29060       0.00   3.60000e+01
RP 29061       0.00   1.39000e+02
RP 29062       0.00   2.21000e+02
RP 29064       0.00   5.23000e+02
RP 29066       0.00   9.00000e+01
RP 29067       0.00   5.90000e+01
RP 29068       0.00   1.10000e+01
RP 29069       0.00   4.00000e+00
RP 30060       0.00   3.00000e+00
RP 30061       0.00   7.00000e+00
RP 30062       0.00   7.10000e+01
RP 30063       0.00   2.72000e+02
RP 30065       0.00   7.96000e+02
RP 30069       0.00   2.22000e+02
RP 31061       0.00   1.00000e+00
RP 31062       0.00   1.00000e+00
RP 31063       0.00   1.00000e+00
RP 31064       0.00   6.00000e+00
RP 31065       0.00   1.30000e+01
RP 31066       0.00   2.60000e+01
RP 31067       0.00   2.70000e+01
RP 31068       0.00   3.80000e+01
RP 31070       0.00   1.40000e+01
RP 31072       0.00   6.00000e+00
RP 31073       0.00   2.00000e+00
RP 32066       0.00   9.00000e+00
RP 32067       0.00   1.20000e+01
RP 32068       0.00   4.00000e+01
RP 32069       0.00   4.50000e+01
RP 32071       0.00   5.40000e+01
RP 32075       0.00   1.00000e+00
RP 32080       0.00   1.00000e+00
RP 33068       0.00   2.00000e+00
RP 33069       0.00   2.00000e+00
RP 33070       0.00   9.00000e+00
RP 33071       0.00   2.10000e+01
RP 33072       0.00   3.50000e+01
RP 33073       0.00   2.50000e+01
RP 33074       0.00   1.80000e+01
RP 33076       0.00   7.00000e+00
RP 33077       0.00   3.00000e+00
RP 33078       0.00   1.00000e+00
RP 33080       0.00   1.00000e+00
RP 34070       0.00   1.10000e+01
RP 34071       0.00   1.20000e+01
RP 34072       0.00   3.40000e+01
RP 34073       0.00   4.60000e+01
RP 34075       0.00   7.20000e+01
RP 34079       0.00   4.00000e+00
RP 34081       0.00   1.00000e+00
RP 35072       0.00   2.00000e+00
RP 35073       0.00   4.00000e+00
RP 35074       0.00   1.70000e+01
RP 35075       0.00   4.90000e+01
RP 35076       0.00   5.10000e+01
RP 35077       0.00   6.80000e+01
RP 35078       0.00   3.00000e+01
RP 35080       0.00   8.00000e+00
RP 35082       0.00   4.00000e+00
RP 35084       0.00   1.00000e+00
RP 36072       0.00   1.00000e+00
RP 36074       0.00   6.00000e+00
RP 36075       0.00   1.90000e+01
RP 36076       0.00   4.90000e+01
RP 36077       0.00   8.80000e+01
RP 36079       0.00   7.50000e+01
RP 36081     190.64   1.00000e+00
RP 36081       0.00   3.90000e+01
RP 37076       0.00   1.00000e+00
RP 37077       0.00   4.00000e+00
RP 37078       0.00   8.00000e+00
RP 37079       0.00   3.60000e+01
RP 37080       0.00   4.10000e+01
RP 37081       0.00   6.50000e+01
RP 37082       0.00   6.60000e+01
RP 37083       0.00   4.20000e+01
RP 37084       0.00   2.50000e+01
RP 37086       0.00   4.00000e+00
RP 37087       0.00   5.00000e+00
RP 37088       0.00   1.00000e+00
RP 38078       0.00   1.50000e+01
RP 38079       0.00   1.30000e+01
RP 38080       0.00   4.70000e+01
RP 38081       0.00   6.30000e+01
RP 38082       0.00   1.21000e+02
RP 38083       0.00   1.29000e+02
RP 38085       0.00   1.26000e+02
RP 38089       0.00   1.00000e+00
RP 38090       0.00   2.00000e+00
RP 38091       0.00   1.00000e+00
RP 39081       0.00   2.00000e+00
RP 39082       0.00   6.00000e+00
RP 39083       0.00   3.30000e+01
RP 39084       0.00   4.20000e+01
RP 39085       0.00   7.00000e+01
RP 39086       0.00   9.70000e+01
RP 39087       0.00   1.00000e+02
RP 39088       0.00   7.50000e+01
RP 39090       0.00   1.30000e+01
RP 39091       0.00   1.00000e+01
RP 39092       0.00   3.00000e+00
RP 39093       0.00   1.00000e+00
RP 40081       0.00   1.00000e+00
RP 40082       0.00   4.00000e+00
RP 40083       0.00   1.20000e+01
RP 40084       0.00   4.20000e+01
RP 40085       0.00   7.70000e+01
RP 40086       0.00   1.60000e+02
RP 40087       0.00   1.82000e+02
RP 40088       0.00   2.45000e+02
RP 40089       0.00   1.63000e+02
RP 40093       0.00   1.20000e+01
RP 40095       0.00   5.00000e+00
RP 40097       0.00   1.00000e+00
RP 40098       0.00   1.00000e+00
RP 41086       0.00   5.00000e+00
RP 41087       0.00   2.00000e+01
RP 41088       0.00   2.80000e+01
RP 41089       0.00   9.20000e+01
RP 41090       0.00   1.35000e+02
RP 41091       0.00   1.53000e+02
RP 41092       0.00   6.00000e+01
RP 41094       0.00   2.50000e+01
RP 41095       0.00   1.70000e+01
RP 41096       0.00   6.00000e+00
RP 41097       0.00   4.00000e+00
RP 41098       0.00   2.00000e+00
RP 41099       0.00   1.00000e+00
RP 41100       0.00   1.00000e+00
RP 41101       0.00   1.00000e+00
RP 41102       0.00   1.00000e+00
RP 42086       0.00   2.00000e+00
RP 42087       0.00   1.30000e+01
RP 42088       0.00   3.60000e+01
RP 42089       0.00   8.20000e+01
RP 42090       0.00   1.76000e+02
RP 42091       0.00   2.33000e+02
RP 42093       0.00   1.85000e+02
RP 42099       0.00   1.10000e+01
RP 42101       0.00   1.00000e+00
RP 42102       0.00   1.00000e+00
RP 42106       0.00   2.00000e+00
RP 42107       0.00   1.00000e+00
RP 43090       0.00   3.00000e+00
RP 43091       0.00   2.00000e+01
RP 43092       0.00   4.70000e+01
RP 43093       0.00   2.43000e+02
RP 43094       0.00   1.44000e+02
RP 43095       0.00   1.73000e+02
RP 43096       0.00   1.54000e+02
RP 43097       0.00   9.50000e+01
RP 43098       0.00   9.50000e+01
RP 43099       0.00   4.90000e+01
RP 43100       0.00   2.00000e+01
RP 43101       0.00   2.50000e+01
RP 43102       0.00   1.00000e+01
RP 43103       0.00   8.00000e+00
RP 43104       0.00   3.00000e+00
RP 43105       0.00   3.00000e+00
RP 43107       0.00   1.00000e+00
RP 44090       0.00   2.00000e+00
RP 44091       0.00   4.00000e+00
RP 44092       0.00   4.00000e+01
RP 44093       0.00   1.00000e+02
RP 44094       0.00   3.10000e+02
RP 44095       0.00   3.19000e+02
RP 44097       0.00   3.81000e+02
RP 44103       0.00   7.80000e+01
RP 44105       0.00   2.60000e+01
RP 44106       0.00   2.50000e+01
RP 44107       0.00   1.40000e+01
RP 44108       0.00   1.10000e+01
RP 44109       0.00   5.00000e+00
RP 44110       0.00   2.00000e+00
RP 44111       0.00   2.00000e+00
RP 45094       0.00   3.00000e+00
RP 45095       0.00   6.30000e+01
RP 45096       0.00   9.20000e+01
RP 45097       0.00   2.61000e+02
RP 45098       0.00   3.16000e+02
RP 45099       0.00   4.47000e+02
RP 45100       0.00   4.77000e+02
RP 45101       0.00   4.20000e+02
RP 45102       0.00   4.05000e+02
RP 45104       0.00   2.62000e+02
RP 45105       0.00   2.34000e+02
RP 45106       0.00   1.98000e+02
RP 45107       0.00   1.64000e+02
RP 45108       0.00   1.64000e+02
RP 45109       0.00   1.30000e+02
RP 45110       0.00   7.80000e+01
RP 45111       0.00   4.40000e+01
RP 45112       0.00   4.40000e+01
RP 45113       0.00   4.00000e+00
RP 45114       0.00   1.00000e+01
RP 46095       0.00   3.00000e+00
RP 46096       0.00   6.40000e+01
RP 46097       0.00   1.13000e+02
RP 46098       0.00   2.62000e+02
RP 46099       0.00   3.47000e+02
RP 46100       0.00   4.93000e+02
RP 46101       0.00   6.31000e+02
RP 46103       0.00   9.48000e+02
RP 46107       0.00   6.27000e+02
RP 46109       0.00   3.63000e+02
RP 46111       0.00   1.37000e+02
RP 46112       0.00   9.70000e+01
RP 46113       0.00   2.50000e+01
RP 46114       0.00   3.40000e+01
RP 46115       0.00   1.00000e+00
RP 46116       0.00   1.00000e+00
RP 46118       0.00   2.00000e+00
RP 46119       0.00   1.00000e+00
RP 46120       0.00   1.00000e+00
RP 47098       0.00   1.00000e+00
RP 47099       0.00   3.50000e+01
RP 47100       0.00   6.50000e+01
RP 47101       0.00   1.47000e+02
RP 47102       0.00   2.85000e+02
RP 47103       0.00   4.40000e+02
RP 47104       0.00   7.61000e+02
RP 47105       0.00   8.87000e+02
RP 47106       0.00   9.77000e+02
RP 47108       0.00   1.23200e+03
RP 47110       0.00   1.13600e+03
RP 47111       0.00   1.14800e+03
RP 47112       0.00   7.42000e+02
RP 47113       0.00   6.22000e+02
RP 47114       0.00   1.92000e+02
RP 47115       0.00   1.16000e+02
RP 47116       0.00   3.30000e+01
RP 47117       0.00   4.00000e+00
RP 47118       0.00   6.00000e+00
RP 47119       0.00   3.00000e+00
RP 47120       0.00   5.00000e+00
RP 47121       0.00   1.00000e+00
RP 47122       0.00   2.00000e+00
RP 47124       0.00   1.00000e+00
RP 48097       0.00   1.00000e+00
RP 48098       0.00   4.00000e+00
RP 48099       0.00   1.70000e+01
RP 48100       0.00   5.20000e+01
RP 48101       0.00   7.90000e+01
RP 48102       0.00   1.84000e+02
RP 48103       0.00   3.18000e+02
RP 48104       0.00   5.99000e+02
RP 48105       0.00   9.89000e+02
RP 48107       0.00   2.40800e+03
RP 48109       0.00   5.69600e+03
RP 48113       0.00   1.13834e+05
RP 48115       0.00   6.18100e+03
RP 48117       0.00   6.59000e+02
RP 48118       0.00   4.20000e+01
RP 48119       0.00   1.80000e+01
RP 48120       0.00   3.10000e+01
RP 48121       0.00   1.40000e+01
RP 48122       0.00   1.10000e+01
RP 48123       0.00   6.00000e+00
RP 48124       0.00   1.20000e+01
RP 48125       0.00   1.00000e+00
RP 48126       0.00   6.00000e+00
RP 48127       0.00   4.00000e+00
RP 49103       0.00   1.40000e+01
RP 49104       0.00   1.70000e+01
RP 49105       0.00   4.40000e+01
RP 49106       0.00   1.13000e+02
RP 49107       0.00   2.15000e+02
RP 49108       0.00   2.63000e+02
RP 49109       0.00   4.37000e+02
RP 49110       0.00   5.11000e+02
RP 49111       0.00   5.07000e+02
RP 49112       0.00   5.02000e+02
RP 49114       0.00   3.22000e+02
RP 49115       0.00   2.49000e+02
RP 49116       0.00   2.61000e+02
RP 49117       0.00   2.20000e+02
RP 49118       0.00   1.71000e+02
RP 49119       0.00   1.73000e+02
RP 49120       0.00   1.44000e+02
RP 49121       0.00   1.92000e+02
RP 49122       0.00   1.55000e+02
RP 49123       0.00   1.42000e+02
RP 49124       0.00   1.13000e+02
RP 49125       0.00   6.40000e+01
RP 49126       0.00   1.01000e+02
RP 49127       0.00   2.80000e+01
RP 49128       0.00   5.10000e+01
RP 50103       0.00   2.00000e+00
RP 50104       0.00   3.00000e+00
RP 50105       0.00   9.00000e+00
RP 50106       0.00   2.10000e+01
RP 50107       0.00   4.20000e+01
RP 50108       0.00   8.90000e+01
RP 50109       0.00   1.28000e+02
RP 50110       0.00   2.67000e+02
RP 50111       0.00   3.18000e+02
RP 50113       0.00   5.33000e+02
RP 50121       0.00   6.05000e+02
RP 50123       0.00   4.87000e+02
RP 50125       0.00   2.40000e+02
RP 50126       0.00   2.04000e+02
RP 50127       0.00   1.02000e+02
RP 50128       0.00   8.60000e+01
RP 50129       0.00   1.00000e+00
RP 51108       0.00   1.00000e+00
RP 51109       0.00   3.00000e+00
RP 51110       0.00   6.00000e+00
RP 51111       0.00   1.90000e+01
RP 51112       0.00   2.60000e+01
RP 51113       0.00   1.04000e+02
RP 51114       0.00   1.53000e+02
RP 51115       0.00   3.52000e+02
RP 51116       0.00   4.38000e+02
RP 51117       0.00   6.20000e+02
RP 51118       0.00   7.76000e+02
RP 51119       0.00   9.17000e+02
RP 51120       0.00   8.96000e+02
RP 51122       0.00   1.07100e+03
RP 51124       0.00   1.19500e+03
RP 51125       0.00   1.10400e+03
RP 51126       0.00   8.29000e+02
RP 51127       0.00   9.58000e+02
RP 51128       0.00   5.14000e+02
RP 51129       0.00   6.06000e+02
RP 51130       0.00   1.23000e+02
RP 52110       0.00   1.00000e+00
RP 52111       0.00   4.00000e+00
RP 52112       0.00   1.80000e+01
RP 52113       0.00   3.50000e+01
RP 52114       0.00   8.30000e+01
RP 52115       0.00   9.30000e+01
RP 52116       0.00   2.23000e+02
RP 52117       0.00   1.93000e+02
RP 52118       0.00   5.15000e+02
RP 52119       0.00   6.98000e+02
RP 52121       0.00   1.95700e+03
RP 52123       0.00   1.36310e+04
RP 52127       0.00   9.04600e+03
RP 52129       0.00   8.47500e+03
RP 52131       0.00   4.37000e+02
RP 53114       0.00   1.00000e+00
RP 53115       0.00   4.00000e+00
RP 53116       0.00   7.00000e+00
RP 53117       0.00   2.20000e+01
RP 53118       0.00   5.10000e+01
RP 53119       0.00   8.90000e+01
RP 53120       0.00   1.37000e+02
RP 53121       0.00   2.19000e+02
RP 53122       0.00   2.49000e+02
RP 53123       0.00   3.17000e+02
RP 53124       0.00   3.29000e+02
RP 53125       0.00   3.38000e+02
RP 53126       0.00   3.07000e+02
RP 53128       0.00   1.96000e+02
RP 53129       0.00   1.38000e+02
RP 53130       0.00   4.40000e+01
RP 53131       0.00   2.00000e+00
RP 54117       0.00   1.00000e+00
RP 54119       0.00   1.00000e+00
RP 54121       0.00   3.00000e+00
RP 54123       0.00   1.00000e+00
RP 54125       0.00   1.00000e+00
RP 54127       0.00   1.00000e+00
VN CZTSideBar
RP 2006       0.00   1.20000e+01
RP 3008       0.00   1.00000e+01
RP 4007       0.00   8.00000e+00
RP 4010       0.00   1.20000e+01
RP 5012       0.00   1.00000e+00
RP 5013       0.00   1.00000e+00
RP 6011       0.00   8.00000e+00
RP 6014       0.00   5.00000e+00
RP 7013       0.00   2.00000e+00
RP 7016       0.00   2.00000e+00
RP 7017       0.00   1.00000e+00
RP 8015       0.00   3.00000e+00
RP 9018       0.00   1.10000e+01
RP 9020       0.00   5.00000e+00
RP 9021       0.00   3.00000e+00
RP 9023       0.00   1.00000e+00
RP 10019       0.00   1.00000e+00
RP 10023       0.00   2.00000e+00
RP 11022       0.00   2.50000e+01
RP 11024       0.00   7.00000e+00
RP 11025       0.00   2.00000e+00
RP 12023       0.00   2.00000e+00
RP 12027       0.00   1.00000e+00
RP 12028       0.00   1.00000e+00
RP 13026       0.00   8.00000e+00
RP 13028       0.00   5.00000e+00
RP 13029       0.00   1.00000e+00
RP 14031       0.00   4.00000e+00
RP 14032       0.00   2.00000e+00
RP 15030       0.00   9.00000e+00
RP 15032       0.00   1.40000e+01
RP 15033       0.00   4.00000e+00
RP 15034       0.00   5.00000e+00
RP 15036       0.00   1.00000e+00
RP 16031       0.00   1.00000e+00
RP 16035       0.00   3.00000e+00
RP 16039       0.00   1.00000e+00
RP 17033       0.00   1.00000e+00
RP 17034       0.00   4.00000e+00
RP 17036       0.00   1.00000e+01
RP 17038       0.00   4.00000e+00
RP 17039       0.00   1.00000e+00
RP 18037       0.00   1.10000e+01
RP 18039       0.00   8.00000e+00
RP 18041       0.00   1.00000e+00
RP 18042       0.00   1.00000e+00
RP 19038       0.00   6.00000e+00
RP 19040       0.00   2.20000e+01
RP 19042       0.00   3.00000e+00
RP 19043       0.00   4.00000e+00
RP 19044       0.00   1.00000e+00
RP 20041       0.00   9.00000e+00
RP 20045       0.00   2.00000e+00
RP 20047       0.00   2.00000e+00
RP 21042       0.00   1.00000e+00
RP 21043       0.00   3.00000e+00
RP 21044       0.00   1.90000e+01
RP 21046       0.00   5.00000e+00
RP 21047       0.00   7.00000e+00
RP 21048       0.00   2.00000e+00
RP 21049       0.00   2.00000e+00
RP 22044       0.00   5.00000e+00
RP 22045       0.00   1.80000e+01
RP 22051       0.00   1.00000e+00
RP 23047       0.00   1.30000e+01
RP 23048       0.00   2.70000e+01
RP 23049       0.00   2.30000e+01
RP 23050       0.00   2.90000e+01
RP 23052       0.00   4.00000e+00
RP 24048       0.00   5.00000e+00
RP 24049       0.00   1.50000e+01
RP 24051       0.00   5.00000e+01
RP 24055       0.00   1.00000e+00
RP 24056       0.00   2.00000e+00
RP 24057       0.00   1.00000e+00
RP 25050       0.00   1.00000e+00
RP 25051       0.00   1.00000e+01
RP 25052       0.00   4.30000e+01
RP 25053       0.00   6.50000e+01
RP 25054       0.00   3.30000e+01
RP 25056       0.00   4.00000e+00
RP 25057       0.00   5.00000e+00
RP 25058       0.00   3.00000e+00
RP 25061       0.00   1.00000e+00
RP 25065       0.00   1.00000e+00
RP 26052       0.00   3.00000e+00
RP 26053       0.00   2.10000e+01
RP 26055       0.00   9.30000e+01
RP 26059       0.00   8.00000e+00
RP 26060       0.00   5.00000e+00
RP 26061       0.00   2.00000e+00
RP 26062       0.00   1.00000e+00
RP 27054       0.00   2.00000e+00
RP 27055       0.00   2.40000e+01
RP 27056       0.00   4.40000e+01
RP 27057       0.00   1.00000e+02
RP 27058       0.00   9.80000e+01
RP 27060       0.00   3.10000e+01
RP 27061       0.00   1.50000e+01
RP 27062       0.00   2.20000e+01
RP 27063       0.00   2.00000e+00
RP 27064       0.00   5.00000e+00
RP 27065       0.00   4.00000e+00
RP 27066       0.00   2.00000e+00
RP 28056       0.00   1.00000e+01
RP 28057       0.00   3.40000e+01
RP 28059       0.00   1.68000e+02
RP 28063       0.00   4.10000e+01
RP 28065       0.00   1.30000e+01
RP 28066       0.00   7.00000e+00
RP 28067       0.00   1.00000e+00
RP 28073       0.00   1.00000e+00
RP 29058       0.00   1.00000e+00
RP 29059       0.00   3.00000e+00
RP 29060       0.00   2.50000e+01
RP 29061       0.00   8.00000e+01
RP 29062       0.00   1.53000e+02
RP 29064       0.00   2.42000e+02
RP 29066       0.00   5.30000e+01
RP 29067       0.00   3.00000e+01
RP 29068       0.00   3.00000e+00
RP 29069       0.00   1.00000e+00
RP 30060       0.00   1.00000e+00
RP 30061       0.00   5.00000e+00
RP 30062       0.00   4.40000e+01
RP 30063       0.00   1.71000e+02
RP 30065       0.00   3.98000e+02
RP 30069       0.00   1.00000e+02
RP 30072       0.00   1.00000e+00
RP 30074       0.00   1.00000e+00
RP 31062       0.00   2.00000e+00
RP 31064       0.00   5.00000e+00
RP 31065       0.00   1.00000e+01
RP 31066       0.00   2.00000e+01
RP 31067       0.00   2.40000e+01
RP 31068       0.00   4.70000e+01
RP 31070       0.00   1.10000e+01
RP 31072       0.00   2.00000e+00
RP 31073       0.00   2.00000e+00
RP 31074       0.00   1.00000e+00
RP 32065       0.00   1.00000e+00
RP 32066       0.00   7.00000e+00
RP 32067       0.00   1.20000e+01
RP 32068       0.00   3.10000e+01
RP 32069       0.00   3.60000e+01
RP 32071       0.00   4.40000e+01
RP 32075       0.00   3.00000e+00
RP 33068       0.00   1.00000e+00
RP 33069       0.00   1.10000e+01
RP 33070       0.00   1.10000e+01
RP 33071       0.00   2.50000e+01
RP 33072       0.00   3.10000e+01
RP 33073       0.00   2.70000e+01
RP 33074       0.00   2.10000e+01
RP 33076       0.00   7.00000e+00
RP 33077       0.00   3.00000e+00
RP 34068       0.00   1.00000e+00
RP 34069       0.00   1.00000e+00
RP 34070       0.00   6.00000e+00
RP 34071       0.00   1.40000e+01
RP 34072       0.00   2.90000e+01
RP 34073       0.00   4.40000e+01
RP 34075       0.00   5.10000e+01
RP 34079       0.00   3.00000e+00
RP 35072       0.00   2.00000e+00
RP 35074       0.00   1.30000e+01
RP 35075       0.00   3.30000e+01
RP 35076       0.00   5.30000e+01
RP 35077       0.00   4.10000e+01
RP 35078       0.00   3.40000e+01
RP 35080       0.00   7.00000e+00
RP 35082       0.00   4.00000e+00
RP 35083       0.00   1.00000e+00
RP 35084       0.00   1.00000e+00
RP 36074       0.00   5.00000e+00
RP 36075       0.00   1.90000e+01
RP 36076       0.00   3.90000e+01
RP 36077       0.00   6.10000e+01
RP 36079       0.00   6.50000e+01
RP 36081       0.00   4.10000e+01
RP 36085       0.00   1.00000e+00
RP 36087       0.00   1.00000e+00
RP 37076       0.00   1.00000e+00
RP 37077       0.00   3.00000e+00
RP 37078       0.00   9.00000e+00
RP 37079       0.00   3.20000e+01
RP 37080       0.00   4.50000e+01
RP 37081       0.00   3.00000e+01
RP 37082       0.00   4.80000e+01
RP 37083       0.00   3.40000e+01
RP 37084       0.00   2.60000e+01
RP 37086       0.00   7.00000e+00
RP 37088       0.00   1.00000e+00
RP 38077       0.00   1.00000e+00
RP 38078       0.00   4.00000e+00
RP 38079       0.00   1.10000e+01
RP 38080       0.00   3.50000e+01
RP 38081       0.00   5.60000e+01
RP 38082       0.00   9.90000e+01
RP 38083       0.00   1.11000e+02
RP 38085       0.00   8.70000e+01
RP 38089       0.00   3.00000e+00
RP 38090       0.00   1.00000e+00
RP 39081       0.00   3.00000e+00
RP 39082       0.00   8.00000e+00
RP 39083       0.00   8.00000e+00
RP 39084       0.00   3.70000e+01
RP 39085       0.00   4.40000e+01
RP 39086       0.00   8.50000e+01
RP 39087       0.00   7.50000e+01
RP 39088     392.86   1.00000e+00
RP 39088       0.00   7.30000e+01
RP 39090       0.00   1.00000e+01
RP 39091       0.00   6.00000e+00
RP 39092       0.00   2.00000e+00
RP 40082       0.00   4.00000e+00
RP 40083       0.00   1.00000e+01
RP 40084       0.00   3.50000e+01
RP 40085       0.00   4.70000e+01
RP 40086       0.00   1.03000e+02
RP 40087       0.00   1.43000e+02
RP 40088       0.00   2.01000e+02
RP 40089       0.00   1.60000e+02
RP 40093       0.00   1.50000e+01
RP 40095       0.00   2.00000e+00
RP 40100       0.00   1.00000e+00
RP 41087       0.00   1.90000e+01
RP 41088       0.00   3.30000e+01
RP 41089       0.00   6.00000e+01
RP 41090       0.00   1.09000e+02
RP 41091       0.00   1.39000e+02
RP 41092       0.00   5.50000e+01
RP 41094       0.00   2.10000e+01
RP 41095       0.00   1.10000e+01
RP 41096       0.00   5.00000e+00
RP 41097       0.00   5.00000e+00
RP 41098       0.00   3.00000e+00
RP 41099       0.00   2.00000e+00
RP 41102       0.00   1.00000e+00
RP 42086       0.00   2.00000e+00
RP 42087       0.00   5.00000e+00
RP 42088       0.00   2.40000e+01
RP 42089       0.00   5.30000e+01
RP 42090       0.00   1.38000e+02
RP 42091       0.00   1.79000e+02
RP 42093       0.00   1.28000e+02
RP 42099       0.00   9.00000e+00
RP 42101       0.00   3.00000e+00
RP 42102       0.00   2.00000e+00
RP 42104       0.00   1.00000e+00
RP 42106       0.00   1.00000e+00
RP 43089       0.00   2.00000e+00
RP 43090       0.00   4.00000e+00
RP 43091       0.00   1.70000e+01
RP 43092       0.00   4.70000e+01
RP 43093       0.00   1.59000e+02
RP 43094       0.00   1.15000e+02
RP 43095       0.00   1.33000e+02
RP 43096       0.00   1.04000e+02
RP 43097       0.00   8.90000e+01
RP 43098       0.00   6.10000e+01
RP 43099       0.00   2.50000e+01
RP 43100       0.00   2.80000e+01
RP 43101       0.00   1.10000e+01
RP 43102       0.00   9.00000e+00
RP 43103       0.00   9.00000e+00
RP 43104       0.00   4.00000e+00
RP 43105       0.00   5.00000e+00
RP 43106       0.00   1.00000e+00
RP 44090       0.00   2.00000e+00
RP 44091       0.00   5.00000e+00
RP 44092       0.00   3.60000e+01
RP 44093       0.00   5.70000e+01
RP 44094       0.00   2.27000e+02
RP 44095       0.00   2.59000e+02
RP 44097       0.00   3.22000e+02
RP 44103       0.00   6.20000e+01
RP 44105       0.00   3.00000e+01
RP 44106       0.00   1.50000e+01
RP 44107       0.00   1.20000e+01
RP 44108       0.00   8.00000e+00
RP 44109       0.00   3.00000e+00
RP 44110       0.00   7.00000e+00
RP 45093       0.00   1.00000e+00
RP 45094       0.00   1.00000e+00
RP 45095       0.00   4.40000e+01
RP 45096       0.00   7.20000e+01
RP 45097       0.00   1.82000e+02
RP 45098       0.00   2.26000e+02
RP 45099       0.00   2.87000e+02
RP 45100       0.00   3.49000e+02
RP 45101       0.00   3.13000e+02
RP 45102       0.00   2.72000e+02
RP 45104       0.00   1.69000e+02
RP 45105       0.00   1.98000e+02
RP 45106       0.00   1.32000e+02
RP 45107       0.00   1.28000e+02
RP 45108       0.00   1.04000e+02
RP 45109       0.00   8.00000e+01
RP 45110       0.00   6.00000e+01
RP 45111       0.00   3.60000e+01
RP 45112       0.00   3.00000e+01
RP 45113       0.00   4.00000e+00
RP 45114       0.00   6.00000e+00
RP 45115       0.00   2.00000e+00
RP 45116       0.00   1.00000e+00
RP 46094       0.00   2.00000e+00
RP 46095       0.00   7.00000e+00
RP 46096       0.00   5.50000e+01
RP 46097       0.00   9.10000e+01
RP 46098       0.00   1.87000e+02
RP 46099       0.00   2.80000e+02
RP 46100       0.00   3.44000e+02
RP 46101       0.00   4.48000e+02
RP 46103       0.00   6.57000e+02
RP 46107       0.00   4.08000e+02
RP 46109       0.00   2.23000e+02
RP 46111       0.00   8.10000e+01
RP 46112       0.00   7.70000e+01
RP 46113       0.00   9.00000e+00
RP 46114       0.00   1.30000e+01
RP 46116       0.00   1.00000e+00
RP 46117       0.00   1.00000e+00
RP 47097       0.00   1.00000e+00
RP 47098       0.00   5.00000e+00
RP 47099       0.00   1.80000e+01
RP 47100       0.00   4.90000e+01
RP 47101       0.00   1.01000e+02
RP 47102       0.00   2.17000e+02
RP 47103       0.00   3.32000e+02
RP 47104       0.00   5.36000e+02
RP 47105       0.00   5.89000e+02
RP 47106       0.00   6.19000e+02
RP 47108       0.00   7.68000e+02
RP 47110       0.00   7.66000e+02
RP 47111       0.00   7.24000e+02
RP 47112       0.00   4.19000e+02
RP 47113       0.00   3.82000e+02
RP 47114       0.00   1.15000e+02
RP 47115       0.00   6.70000e+01
RP 47116       0.00   1.80000e+01
RP 47117       0.00   6.00000e+00
RP 47118       0.00   6.00000e+00
RP 47119       0.00   6.00000e+00
RP 47120       0.00   2.00000e+00
RP 47121       0.00   2.00000e+00
RP 47123       0.00   1.00000e+00
RP 48098       0.00   9.00000e+00
RP 48099       0.00   9.00000e+00
RP 48100       0.00   3.10000e+01
RP 48101       0.00   8.00000e+01
RP 48102       0.00   1.30000e+02
RP 48103       0.00   2.08000e+02
RP 48104       0.00   4.15000e+02
RP 48105       0.00   6.99000e+02
RP 48107       0.00   1.29200e+03
RP 48109       0.00   3.59800e+03
RP 48113       0.00   5.19040e+04
RP 48115       0.00   2.79900e+03
RP 48117       0.00   3.17000e+02
RP 48118       0.00   3.00000e+01
RP 48119       0.00   1.40000e+01
RP 48120       0.00   1.60000e+01
RP 48121       0.00   1.30000e+01
RP 48122       0.00   7.00000e+00
RP 48123       0.00   5.00000e+00
RP 48124       0.00   2.00000e+00
RP 48125       0.00   5.00000e+00
RP 48126       0.00   2.00000e+00
RP 48127       0.00   3.00000e+00
RP 49101       0.00   1.00000e+00
RP 49103       0.00   5.00000e+00
RP 49104       0.00   2.10000e+01
RP 49105       0.00   3.80000e+01
RP 49106       0.00   7.60000e+01
RP 49107       0.00   1.76000e+02
RP 49108       0.00   2.08000e+02
RP 49109       0.00   3.03000e+02
RP 49110       0.00   3.79000e+02
RP 49111       0.00   3.84000e+02
RP 49112       0.00   3.70000e+02
RP 49114       0.00   2.58000e+02
RP 49115       0.00   1.82000e+02
RP 49116       0.00   1.74000e+02
RP 49117       0.00   1.46000e+02
RP 49118       0.00   1.26000e+02
RP 49119       0.00   1.46000e+02
RP 49120       0.00   1.06000e+02
RP 49121       0.00   1.23000e+02
RP 49122       0.00   9.90000e+01
RP 49123       0.00   1.05000e+02
RP 49124       0.00   7.30000e+01
RP 49125       0.00   5.80000e+01
RP 49126       0.00   6.40000e+01
RP 49127       0.00   1.40000e+01
RP 49128       0.00   3.40000e+01
RP 50104       0.00   2.00000e+00
RP 50105       0.00   4.00000e+00
RP 50106       0.00   1.10000e+01
RP 50107       0.00   3.20000e+01
RP 50108       0.00   6.20000e+01
RP 50109       0.00   6.50000e+01
RP 50110       0.00   1.95000e+02
RP 50111       0.00   2.57000e+02
RP 50113       0.00   4.03000e+02
RP 50121       0.00   3.88000e+02
RP 50123       0.00   3.50000e+02
RP 50125       0.00   1.60000e+02
RP 50126       0.00   1.38000e+02
RP 50127       0.00   6.60000e+01
RP 50128       0.00   4.60000e+01
RP 51109       0.00   1.00000e+00
RP 51110       0.00   4.00000e+00
RP 51111       0.00   1.40000e+01
RP 51112       0.00   3.10000e+01
RP 51113       0.00   6.20000e+01
RP 51114       0.00   1.30000e+02
RP 51115       0.00   2.28000e+02
RP 51116       0.00   3.21000e+02
RP 51117       0.00   4.08000e+02
RP 51118       0.00   5.74000e+02
RP 51119       0.00   6.36000e+02
RP 51120       0.00   6.15000e+02
RP 51122       0.00   6.79000e+02
RP 51124       0.00   7.48000e+02
RP 51125       0.00   6.85000e+02
RP 51126       0.00   5.33000e+02
RP 51127       0.00   5.97000e+02
RP 51128       0.00   3.02000e+02
RP 51129       0.00   4.22000e+02
RP 51130       0.00   8.20000e+01
RP 52111       0.00   3.00000e+00
RP 52112       0.00   1.20000e+01
RP 52113       0.00   2.50000e+01
RP 52114       0.00   4.70000e+01
RP 52115       0.00   7.20000e+01
RP 52116       0.00   1.48000e+02
RP 52117       0.00   1.69000e+02
RP 52118       0.00   3.17000e+02
RP 52119       0.00   4.36000e+02
RP 52121       0.00   1.26400e+03
RP 52123       0.00   6.64700e+03
RP 52127       0.00   4.99600e+03
RP 52129       0.00   4.71000e+03
RP 52131       0.00   1.98000e+02
RP 53115       0.00   3.00000e+00
RP 53116       0.00   6.00000e+00
RP 53117       0.00   2.50000e+01
RP 53118       0.00   4.00000e+01
RP 53119       0.00   6.40000e+01
RP 53120       0.00   8.60000e+01
RP 53121       0.00   1.55000e+02
RP 53122       0.00   1.67000e+02
RP 53123       0.00   2.51000e+02
RP 53124       0.00   2.22000e+02
RP 53125       0.00   2.29000e+02
RP 53126       0.00   2.31000e+02
RP 53128       0.00   1.72000e+02
RP 53129       0.00   9.30000e+01
RP 53130       0.00   3.40000e+01
RP 53131       0.00   5.00000e+00
RP 54118       0.00   1.00000e+00
RP 54119       0.00   1.00000e+00
RP 54120       0.00   2.00000e+00
RP 54121       0.00   1.00000e+00
RP 54123       0.00   1.00000e+00
RP 54125       0.00   1.00000e+00
RP 54127       0.00   2.00000e+00
VN PassiveCZTFrame_Block
RP 2006       0.00   6.00000e+01
RP 2008       0.00   1.00000e+00
RP 3008       0.00   7.40000e+01
RP 3009       0.00   8.00000e+00
RP 4007       0.00   1.50000e+02
RP 4010       0.00   1.17000e+02
RP 4011       0.00   2.00000e+00
RP 4012       0.00   2.00000e+00
RP 5012       0.00   8.80000e+01
RP 5013       0.00   3.00000e+00
RP 5014       0.00   2.00000e+00
RP 6009       0.00   4.00000e+00
RP 6010       0.00   4.30000e+01
RP 6011       0.00   4.51000e+02
RP 6014       0.00   7.80000e+01
RP 6015       0.00   6.00000e+00
RP 7012       0.00   4.00000e+00
RP 7013       0.00   3.00000e+01
RP 7016       0.00   4.50000e+01
RP 7017       0.00   1.00000e+00
RP 8013       0.00   2.00000e+00
RP 8014       0.00   8.00000e+00
RP 8015       0.00   1.55000e+02
RP 9017       0.00   2.00000e+00
RP 39087       0.00   1.00000e+00
VN PassiveCZTSideFrame_Block
RP 2006       0.00   3.40000e+01
RP 2008       0.00   1.00000e+00
RP 3008       0.00   4.30000e+01
RP 3009       0.00   1.20000e+01
RP 4007       0.00   1.18000e+02
RP 4010       0.00   7.50000e+01
RP 5008       0.00   1.00000e+00
RP 5012       0.00   6.20000e+01
RP 5013       0.00   2.00000e+00
RP 5014       0.00   2.00000e+00
RP 6009       0.00   1.00000e+00
RP 6010       0.00   2.50000e+01
RP 6011       0.00   3.34000e+02
RP 6014       0.00   3.50000e+01
RP 6015       0.00   1.00000e+00
RP 7012       0.00   2.00000e+00
RP 7013       0.00   2.00000e+01
RP 7016       0.00   2.20000e+01
RP 8014       0.00   6.00000e+00
RP 8015       0.00   1.15000e+02
VN PassiveFrame_BigBlock_1
RP 2006       0.00   5.75000e+02
RP 2008       0.00   1.10000e+01
RP 3008       0.00   8.39000e+02
RP 3009       0.00   1.15000e+02
RP 4007       0.00   2.08400e+03
RP 4010       0.00   1.18800e+03
RP 4011       0.00   8.00000e+00
RP 4012       0.00   1.40000e+01
RP 5008       0.00   4.00000e+01
RP 5012       0.00   7.10000e+02
RP 5013       0.00   4.80000e+01
RP 5014       0.00   2.90000e+01
RP 6009       0.00   2.40000e+01
RP 6010       0.00   4.52000e+02
RP 6011       0.00   4.84300e+03
RP 6014       0.00   5.79000e+02
RP 6015       0.00   3.90000e+01
RP 6016       0.00   1.00000e+00
RP 7012       0.00   3.30000e+01
RP 7013       0.00   3.55000e+02
RP 7016       0.00   2.75000e+02
RP 7017       0.00   3.00000e+00
RP 7018       0.00   1.00000e+00
RP 8013       0.00   1.60000e+01
RP 8014       0.00   1.38000e+02
RP 8015       0.00   1.91500e+03
RP 8019       0.00   1.00000e+00
RP 9017       0.00   1.40000e+01
RP 9018       0.00   2.00000e+00
RP 13026       0.00   1.00000e+00
VN PassiveFrame_Part_X
RP 2006       0.00   1.10000e+01
RP 2008       0.00   1.00000e+00
RP 3008       0.00   1.40000e+01
RP 3009       0.00   6.00000e+00
RP 4007       0.00   4.30000e+01
RP 4010       0.00   2.90000e+01
RP 5012       0.00   1.80000e+01
RP 6010       0.00   8.00000e+00
RP 6011       0.00   1.18000e+02
RP 6014       0.00   1.30000e+01
RP 7013       0.00   1.00000e+01
RP 7016       0.00   9.00000e+00
RP 8013       0.00   2.00000e+00
RP 8014       0.00   3.00000e+00
RP 8015       0.00   4.30000e+01
RP 9017       0.00   1.00000e+00
RP 11024       0.00   1.00000e+00
VN PassiveFrame_Part_Y
RP 2006       0.00   1.60000e+01
RP 3008       0.00   1.40000e+01
RP 3009       0.00   3.00000e+00
RP 4007       0.00   4.90000e+01
RP 4010       0.00   2.00000e+01
RP 5008       0.00   1.00000e+00
RP 5012       0.00   1.20000e+01
RP 5013       0.00   2.00000e+00
RP 6010       0.00   1.30000e+01
RP 6011       0.00   1.15000e+02
RP 6014       0.00   2.00000e+01
RP 7012       0.00   1.00000e+00
RP 7013       0.00   3.00000e+00
RP 7016       0.00   5.00000e+00
RP 7017       0.00   1.00000e+00
RP 8013       0.00   1.00000e+00
RP 8014       0.00   5.00000e+00
RP 8015       0.00   4.50000e+01
VN PassiveTray_Block
RP 2006       0.00   4.00000e+02
RP 2008       0.00   5.00000e+00
RP 3008       0.00   6.90000e+02
RP 3009       0.00   1.27000e+02
RP 4007       0.00   1.38400e+03
RP 4010       0.00   1.04400e+03
RP 4011       0.00   5.00000e+00
RP 4012       0.00   8.00000e+00
RP 5008       0.00   2.60000e+01
RP 5012       0.00   7.09000e+02
RP 5013       0.00   3.80000e+01
RP 5014       0.00   1.90000e+01
RP 6009       0.00   8.00000e+00
RP 6010       0.00   3.67000e+02
RP 6011       0.00   3.79800e+03
RP 6014       0.00   5.14000e+02
RP 6015       0.00   2.60000e+01
RP 7012       0.00   3.40000e+01
RP 7013       0.00   2.24000e+02
RP 7016       0.00   3.06000e+02
RP 7017       0.00   3.00000e+00
RP 7018       0.00   1.00000e+00
RP 8013       0.00   8.00000e+00
RP 8014       0.00   8.50000e+01
RP 8015       0.00   1.40800e+03
RP 9017       0.00   9.00000e+00
RP 9018       0.00   3.00000e+00
RP 30065       0.00   1.00000e+00
RP 46101       0.00   1.00000e+00
VN SCBody
RP 2006       0.00   6.35000e+02
RP 2008       0.00   1.00000e+00
RP 3008       0.00   8.85000e+02
RP 3009       0.00   3.00000e+01
RP 4007       0.00   2.11300e+03
RP 4010       0.00   1.51900e+03
RP 4011       0.00   2.20000e+01
RP 4012       0.00   1.10000e+01
RP 5008       0.00   9.00000e+00
RP 5012       0.00   7.17000e+02
RP 5013       0.00   6.10000e+01
RP 5014       0.00   9.00000e+00
RP 5015       0.00   4.00000e+00
RP 6009       0.00   2.00000e+00
RP 6010       0.00   4.81000e+02
RP 6011       0.00   3.46600e+03
RP 6014       0.00   4.40200e+03
RP 6015       0.00   7.80000e+01
RP 6016       0.00   7.60000e+01
RP 6017       0.00   1.00000e+01
RP 6018       0.00   1.70000e+01
RP 6020       0.00   1.00000e+00
RP 7012       0.00   3.00000e+00
RP 7013       0.00   1.40900e+03
RP 7016       0.00   1.50000e+03
RP 7017       0.00   4.99000e+02
RP 7018       0.00   1.72000e+02
RP 7019       0.00   8.40000e+01
RP 7020       0.00   2.60000e+01
RP 7021       0.00   1.30000e+01
RP 7022       0.00   3.00000e+00
RP 8013       0.00   1.00000e+00
RP 8014       0.00   2.10000e+02
RP 8015       0.00   5.29700e+03
RP 8019       0.00   1.92700e+03
RP 8020       0.00   1.15300e+03
RP 8021       0.00   3.38000e+02
RP 8022       0.00   1.96000e+02
RP 8023       0.00   2.80000e+01
RP 8024       0.00   1.00000e+00
RP 9017       0.00   1.65400e+03
RP 9018       0.00   2.61380e+04
RP 9020       0.00   1.00150e+04
RP 9021       0.00   3.65000e+03
RP 9022       0.00   1.95600e+03
RP 9023       0.00   1.30500e+03
RP 9024       0.00   5.36000e+02
RP 9025       0.00   1.00000e+00
RP 10017       0.00   1.40000e+01
RP 10018       0.00   3.62000e+02
RP 10019       0.00   1.92200e+03
RP 10023       0.00   1.06870e+04
RP 10024       0.00   8.39000e+03
RP 10025       0.00   3.16700e+03
RP 10026       0.00   2.00000e+00
RP 11020       0.00   3.89000e+02
RP 11021       0.00   4.36400e+03
RP 11022       0.00   6.54780e+04
RP 11024     472.21   5.30000e+01
RP 11024       0.00   8.78150e+04
RP 11025       0.00   2.56870e+04
RP 11026       0.00   8.42000e+02
RP 11027       0.00   3.00000e+00
RP 12020       0.00   3.20000e+01
RP 12021       0.00   1.46000e+02
RP 12022       0.00   1.62400e+03
RP 12023       0.00   9.34100e+03
RP 12027       0.00   7.84590e+04
RP 13022       0.00   3.10000e+01
RP 13023       0.00   2.75000e+02
RP 13024     425.80   2.00000e+00
RP 13024       0.00   1.62700e+03
RP 13025       0.00   1.17600e+04
RP 13026     416.85   2.00000e+00
RP 13026       0.00   2.29565e+05
RP 13028       0.00   2.80820e+04
RP 13029       0.00   7.00000e+00
RP 14022       0.00   1.00000e+00
RP 14023       0.00   2.90000e+01
RP 14024       0.00   2.19000e+02
RP 14025       0.00   7.40000e+02
RP 14026       0.00   5.66000e+02
RP 14027       0.00   3.78500e+03
RP 15026       0.00   3.00000e+00
RP 15027       0.00   2.00000e+00
RP 15029       0.00   5.00000e+00
RP 15030       0.00   7.20000e+01
RP 16031       0.00   1.00000e+00
VN Wafer
RP 2006       0.00   2.00000e+01
RP 3008       0.00   2.00000e+01
RP 4007       0.00   7.60000e+01
RP 4010       0.00   3.60000e+01
RP 5012       0.00   7.00000e+00
RP 6010       0.00   1.50000e+01
RP 6011       0.00   8.70000e+01
RP 6014       0.00   4.40000e+01
RP 6016       0.00   1.00000e+00
RP 7013       0.00   2.60000e+01
RP 7016       0.00   1.00000e+01
RP 7017       0.00   4.00000e+00
RP 7018       0.00   1.00000e+00
RP 8014       0.00   4.00000e+00
RP 8015       0.00   9.80000e+01
RP 8019       0.00   1.60000e+01
RP 8020       0.00   4.00000e+00
RP 8021       0.00   1.00000e+00
RP 9017       0.00   3.70000e+01
RP 9018       0.00   4.31000e+02
RP 9020       0.00   5.00000e+01
RP 9021       0.00   2.70000e+01
RP 9022       0.00   6.00000e+00
RP 9023       0.00   1.00000e+00
RP 9024       0.00   1.00000e+00
RP 10018       0.00   5.00000e+00
RP 10019       0.00   3.80000e+01
RP 10023       0.00   3.20000e+01
RP 10024       0.00   2.70000e+01
RP 10025       0.00   9.00000e+00
RP 11020       0.00   1.30000e+01
RP 11021       0.00   8.10000e+01
RP 11022       0.00   8.98000e+02
RP 11024     472.21   3.00000e+00
RP 11024       0.00   3.36000e+02
RP 11025       0.00   1.13000e+02
RP 11026       0.00   1.24000e+02
RP 11027       0.00   4.00000e+00
RP 12020       0.00   2.00000e+00
RP 12021       0.00   1.00000e+00
RP 12022       0.00   2.70000e+01
RP 12023       0.00   2.02000e+02
RP 12027       0.00   6.30000e+01
RP 12028       0.00   1.00000e+01
RP 13022       0.00   1.00000e+00
RP 13023       0.00   6.00000e+00
RP 13024     425.80   1.00000e+00
RP 13024       0.00   3.50000e+01
RP 13025       0.00   1.90000e+02
RP 13026     416.85   1.00000e+00
RP 13026       0.00   2.31200e+03
RP 13028       0.00   3.55900e+03
RP 13029       0.00   1.78000e+02
RP 13030       0.00   1.10000e+01
RP 14023       0.00   1.00000e+00
RP 14024       0.00   5.00000e+00
RP 14025       0.00   2.40000e+01
RP 14026       0.00   1.24000e+02
RP 14027       0.00   1.21900e+03
RP 14031       0.00   2.01000e+02
RP 15026       0.00   5.00000e+00
RP 15027       0.00   3.00000e+00
RP 15028       0.00   1.50000e+01
RP 15029       0.00   1.70000e+01
RP 15030       0.00   1.10000e+01
RP 15032       0.00   1.00000e+00
VN sideACDPanel
RP 2006       0.00   1.55000e+02
RP 2008       0.00   3.00000e+00
RP 3008       0.00   2.17000e+02
RP 3009       0.00   3.20000e+01
RP 4007       0.00   6.52000e+02
RP 4010       0.00   3.46000e+02
RP 4011       0.00   2.00000e+00
RP 4012       0.00   5.00000e+00
RP 5008       0.00   1.60000e+01
RP 5012       0.00   1.81000e+02
RP 5013       0.00   1.40000e+01
RP 5014       0.00   4.00000e+00
RP 6009       0.00   7.00000e+00
RP 6010       0.00   1.52000e+02
RP 6011       0.00   1.49000e+03
RP 6014       0.00   1.57000e+02
RP 6015       0.00   4.00000e+00
RP 6016       0.00   2.00000e+00
RP 7012       0.00   9.00000e+00
RP 7013       0.00   1.00000e+02
RP 7016       0.00   6.90000e+01
RP 7017       0.00   3.00000e+00
RP 8013       0.00   4.00000e+00
RP 8014       0.00   3.60000e+01
RP 8015       0.00   6.11000e+02
RP 9017       0.00   3.00000e+00
RP 9018       0.00   1.00000e+00
VN topACDPanel
RP 2006       0.00   4.30000e+01
RP 3008       0.00   5.50000e+01
RP 3009       0.00   5.00000e+00
RP 4007       0.00   2.00000e+02
RP 4010       0.00   8.60000e+01
RP 4011       0.00   1.00000e+00
RP 5008       0.00   3.00000e+00
RP 5012       0.00   3.70000e+01
RP 5013       0.00   6.00000e+00
RP 6010       0.00   3.70000e+01
RP 6011       0.00   4.70000e+02
RP 6014       0.00   4.70000e+01
RP 6015       0.00   5.00000e+00
RP 7012       0.00   2.00000e+00
RP 7013       0.00   3.10000e+01
RP 7016       0.00   2.30000e+01
RP 8014       0.00   1.40000e+01
RP 8015       0.00   1.70000e+02

EN
