# Exported spectrum before event reconstruction
# File: /Users/reginamcaputo/Desktop/ComPair/Simulations/AMEGO4x4ScienceSourceFiles/SNRs/Observation_w49b_brem.inc1.id1.sim
# SE marks the start of the data, EN the end - everything else might change
# The first row is the low edge of the bin, the second the counts in this bin
# The last data line before the EN is the high edge of the last bin, followed by a "-"

SE
100  50
107.152  59
114.815  73
123.027  50
131.826  78
141.254  75
151.356  108
162.181  108
173.78  140
186.209  150
199.526  185
213.796  199
229.087  219
245.471  233
263.027  253
281.838  250
301.995  307
323.594  367
346.737  345
371.535  323
398.107  309
426.58  316
457.088  328
489.779  338
524.807  302
562.341  297
602.56  294
645.654  282
691.831  307
741.31  302
794.328  299
851.138  273
912.011  233
977.237  265
1047.13  251
1122.02  256
1202.26  274
1288.25  228
1380.38  226
1479.11  199
1584.89  210
1698.24  189
1819.7  203
1949.84  168
2089.3  202
2238.72  157
2398.83  151
2570.4  178
2754.23  142
2951.21  122
3162.28  109
3388.44  115
3630.78  114
3890.45  125
4168.69  98
4466.84  91
4786.3  85
5128.61  86
5495.41  99
5888.44  81
6309.57  75
6760.83  75
7244.36  82
7762.47  76
8317.64  63
8912.51  62
9549.93  52
10232.9  58
10964.8  56
11749  53
12589.3  46
13489.6  50
14454.4  38
15488.2  65
16595.9  40
17782.8  52
19054.6  30
20417.4  38
21877.6  45
23442.3  40
25118.9  45
26915.3  37
28840.3  43
30903  33
33113.1  25
35481.3  23
38018.9  28
40738  31
43651.6  28
46773.5  34
50118.7  24
53703.2  27
57544  29
61659.5  21
66069.3  27
70794.6  21
75857.8  19
81283.1  25
87096.4  10
93325.4  11
100000   -
EN

# end
