# Exported spectrum before event reconstruction
# File: /Users/reginamcaputo/Desktop/ComPair/Simulations/AMEGO4x4ScienceSourceFiles/SNRs/Observation_w49b_ic.inc1.id1.sim
# SE marks the start of the data, EN the end - everything else might change
# The first row is the low edge of the bin, the second the counts in this bin
# The last data line before the EN is the high edge of the last bin, followed by a "-"

SE
100  33
107.152  36
114.815  40
123.027  40
131.826  57
141.254  59
151.356  63
162.181  81
173.78  78
186.209  80
199.526  100
213.796  120
229.087  153
245.471  155
263.027  173
281.838  180
301.995  195
323.594  231
346.737  217
371.535  249
398.107  227
426.58  243
457.088  233
489.779  223
524.807  236
562.341  216
602.56  232
645.654  205
691.831  206
741.31  213
794.328  194
851.138  201
912.011  188
977.237  183
1047.13  181
1122.02  183
1202.26  180
1288.25  163
1380.38  173
1479.11  153
1584.89  156
1698.24  156
1819.7  124
1949.84  124
2089.3  127
2238.72  120
2398.83  104
2570.4  117
2754.23  108
2951.21  92
3162.28  100
3388.44  91
3630.78  90
3890.45  103
4168.69  85
4466.84  55
4786.3  88
5128.61  67
5495.41  69
5888.44  60
6309.57  84
6760.83  62
7244.36  57
7762.47  65
8317.64  67
8912.51  43
9549.93  43
10232.9  61
10964.8  48
11749  40
12589.3  46
13489.6  45
14454.4  52
15488.2  44
16595.9  39
17782.8  37
19054.6  43
20417.4  32
21877.6  31
23442.3  25
25118.9  39
26915.3  41
28840.3  25
30903  28
33113.1  32
35481.3  21
38018.9  35
40738  27
43651.6  25
46773.5  27
50118.7  27
53703.2  15
57544  22
61659.5  18
66069.3  24
70794.6  25
75857.8  28
81283.1  19
87096.4  18
93325.4  22
100000   -
EN

# end
