# Exported spectrum before event reconstruction
# File: /Users/reginamcaputo/Desktop/ComPair/Simulations/AMEGO4x4ScienceSourceFiles/SNRs/Observation_w49b_pion.inc1.id1.sim
# SE marks the start of the data, EN the end - everything else might change
# The first row is the low edge of the bin, the second the counts in this bin
# The last data line before the EN is the high edge of the last bin, followed by a "-"

SE
100  69
107.152  59
114.815  77
123.027  63
131.826  99
141.254  116
151.356  135
162.181  132
173.78  160
186.209  214
199.526  202
213.796  248
229.087  270
245.471  288
263.027  298
281.838  281
301.995  320
323.594  417
346.737  385
371.535  407
398.107  379
426.58  378
457.088  340
489.779  380
524.807  329
562.341  283
602.56  324
645.654  330
691.831  318
741.31  304
794.328  273
851.138  243
912.011  245
977.237  206
1047.13  224
1122.02  218
1202.26  195
1288.25  164
1380.38  178
1479.11  170
1584.89  184
1698.24  156
1819.7  121
1949.84  124
2089.3  112
2238.72  95
2398.83  117
2570.4  86
2754.23  101
2951.21  86
3162.28  86
3388.44  86
3630.78  82
3890.45  65
4168.69  60
4466.84  52
4786.3  54
5128.61  63
5495.41  56
5888.44  44
6309.57  41
6760.83  33
7244.36  45
7762.47  27
8317.64  32
8912.51  31
9549.93  25
10232.9  28
10964.8  41
11749  22
12589.3  25
13489.6  19
14454.4  15
15488.2  25
16595.9  21
17782.8  20
19054.6  16
20417.4  15
21877.6  26
23442.3  20
25118.9  8
26915.3  16
28840.3  21
30903  19
33113.1  10
35481.3  15
38018.9  12
40738  9
43651.6  12
46773.5  11
50118.7  15
53703.2  19
57544  10
61659.5  11
66069.3  9
70794.6  13
75857.8  19
81283.1  4
87096.4  11
93325.4  11
100000   -
EN

# end
